class,x1,y1,z1,x2,y2,z2,x3,y3,z3,x4,y4,z4,x5,y5,z5,x6,y6,z6,x7,y7,z7,x8,y8,z8,x9,y9,z9,x10,y10,z10,x11,y11,z11,x12,y12,z12,x13,y13,z13,x14,y14,z14,x15,y15,z15,x16,y16,z16,x17,y17,z17,x18,y18,z18,x19,y19,z19,x20,y20,z20,x21,y21,z21,x22,y22,z22,x23,y23,z23,x24,y24,z24,x25,y25,z25,x26,y26,z26,x27,y27,z27,x28,y28,z28,x29,y29,z29,x30,y30,z30,x31,y31,z31,x32,y32,z32,x33,y33,z33,x34,y34,z34,x35,y35,z35,x36,y36,z36,x37,y37,z37,x38,y38,z38,x39,y39,z39,x40,y40,z40,x41,y41,z41,x42,y42,z42,x43,y43,z43,x44,y44,z44,x45,y45,z45,x46,y46,z46,x47,y47,z47,x48,y48,z48,x49,y49,z49,x50,y50,z50,x51,y51,z51,x52,y52,z52,x53,y53,z53,x54,y54,z54
sorry,0.5295911431312561,0.30811136960983276,-0.7860388159751892,0.5518409013748169,0.2671494483947754,-0.7381718158721924,0.5636641979217529,0.2694670855998993,-0.7380921244621277,0.5746631622314453,0.27163875102996826,-0.7379229664802551,0.5068837404251099,0.2602384686470032,-0.7563455104827881,0.48736435174942017,0.25783443450927734,-0.7564486861228943,0.46916207671165466,0.25733041763305664,-0.757017970085144,0.5886536836624146,0.29242393374443054,-0.399055153131485,0.44026869535446167,0.27839529514312744,-0.4749922752380371,0.5471673607826233,0.3616713881492615,-0.6566087603569031,0.49109745025634766,0.35965269804000854,-0.6789635419845581,0.666527509689331,0.5297011733055115,-0.16697004437446594,0.32913392782211304,0.5177181959152222,-0.390569269657135,0.7450916767120361,0.9027560949325562,-0.12555402517318726,0.26045548915863037,0.909602165222168,-0.8103488683700562,0.7335456013679504,1.161178469657898,-0.4050684869289398,0.44618552923202515,0.6645128726959229,-1.3493435382843018,0.7418308854103088,1.2567107677459717,-0.4563090205192566,0.5043692588806152,0.6263461709022522,-1.4650790691375732,0.7210171818733215,1.2388896942138672,-0.49362558126449585,0.5069907307624817,0.5814741849899292,-1.4154058694839478,0.7034004330635071,1.2059566974639893,-0.42838254570961,0.4973753094673157,0.5899925231933594,-1.3353034257888794,0.5921337008476257,1.0381054878234863,0.04059440642595291,0.377885639667511,1.045412302017212,-0.03868449851870537,0.5788224339485168,1.5935263633728027,0.05547900125384331,0.3603276014328003,1.5805453062057495,-0.014976352453231812,0.5602020025253296,2.0237956047058105,0.4965147376060486,0.34878838062286377,2.007308006286621,0.28675588965415955,0.5613613724708557,2.083690643310547,0.5146510601043701,0.3379044532775879,2.0641160011291504,0.30107736587524414,0.5364060997962952,2.1653714179992676,0.09019993245601654,0.37453803420066833,2.153140068054199,-0.17611615359783173,0.4552539885044098,0.6422601342201233,-3.7985341805324424e-07,0.45740288496017456,0.5830972194671631,0.0038147526793181896,0.4753638803958893,0.5350440740585327,0.003388758283108473,0.4986951947212219,0.5122548341751099,0.0017709770472720265,0.5092055201530457,0.5175209641456604,0.0009312143665738404,0.5297389030456543,0.5317004919052124,-0.0010937171755358577,0.5431627035140991,0.5373520255088806,-0.0018462506122887135,0.5302155017852783,0.5498456954956055,-0.003321518190205097,0.5175538659095764,0.5550261735916138,-0.005221813451498747,0.5423563122749329,0.5659556984901428,-0.006554565858095884,0.5545799732208252,0.5683854222297668,-0.0025144731625914574,0.5413261651992798,0.5767390727996826,-0.0006755529320798814,0.525967538356781,0.5831446647644043,-0.0014812002191320062,0.5481122732162476,0.6025999188423157,-0.011118657886981964,0.5522875189781189,0.6035626530647278,-0.007845977321267128,0.5396613478660583,0.6099318265914917,-0.00448966771364212,0.524546205997467,0.6150218844413757,-0.004301360808312893,0.5478537678718567,0.6374816298484802,-0.0156673826277256,0.5493065118789673,0.6390917301177979,-0.011912379413843155,0.5373291373252869,0.6421719789505005,-0.006388469133526087,0.5245254635810852,0.64476078748703,-0.002897074678912759
sorry,0.5309218764305115,0.3213059604167938,-0.6151672601699829,0.5549565553665161,0.2765456438064575,-0.5699689984321594,0.5693647861480713,0.2795078158378601,-0.5698093175888062,0.5803366899490356,0.2827029228210449,-0.5694946050643921,0.5087067484855652,0.26615941524505615,-0.5861210823059082,0.4874939024448395,0.2624066472053528,-0.5859771966934204,0.47100409865379333,0.26086801290512085,-0.5865470767021179,0.6006312966346741,0.3036912679672241,-0.24784347414970398,0.44469746947288513,0.27571678161621094,-0.31676140427589417,0.5494714379310608,0.37613821029663086,-0.48892393708229065,0.4906647205352783,0.37129661440849304,-0.5095506310462952,0.6739280223846436,0.5365991592407227,-0.002638818696141243,0.32818132638931274,0.5262754559516907,-0.2363142967224121,0.7479430437088013,0.9053381085395813,0.028538355603814125,0.24123194813728333,0.9183721542358398,-0.597548246383667,0.7267052531242371,1.1195601224899292,-0.30559173226356506,0.44161510467529297,0.746124804019928,-1.1212345361709595,0.7443011999130249,1.2368971109390259,-0.36367326974868774,0.5146602392196655,0.7231435775756836,-1.2328494787216187,0.7165402173995972,1.1877117156982422,-0.3966381251811981,0.518650233745575,0.6717494130134583,-1.1816390752792358,0.7005791068077087,1.1589590311050415,-0.32820045948028564,0.49982839822769165,0.6743970513343811,-1.1036981344223022,0.5982978940010071,1.0557997226715088,0.053277622908353806,0.3717648684978485,1.0718555450439453,-0.05019339919090271,0.5865116715431213,1.595832347869873,-0.0443444587290287,0.3678864538669586,1.5795464515686035,-0.19624017179012299,0.5792560577392578,2.034532070159912,0.29697874188423157,0.35192301869392395,2.012467384338379,-0.006141897290945053,0.5816455483436584,2.0972166061401367,0.3053271472454071,0.3392525315284729,2.0728797912597656,-0.0046906620264053345,0.5496668219566345,2.18221116065979,-0.12562920153141022,0.382068395614624,2.1612942218780518,-0.4837011396884918,0.45700061321258545,0.7280856370925903,-3.829517822850903e-07,0.4771246314048767,0.6594412326812744,0.0011345414677634835,0.5116503834724426,0.6187132596969604,1.0153518815059215e-05,0.5387175679206848,0.612312912940979,-0.002042208332568407,0.5460564494132996,0.6300339102745056,-0.004008516203612089,0.5625796318054199,0.6618372201919556,-0.002048491034656763,0.5760494470596313,0.6630406975746155,-0.004947231151163578,0.5608598589897156,0.6593105792999268,-0.009439202956855297,0.5460465550422668,0.6599738597869873,-0.012832337990403175,0.5622774362564087,0.7033879160881042,-0.005426720716059208,0.5671664476394653,0.6940380334854126,-0.0041059283539652824,0.5520865321159363,0.6875966191291809,-0.004453175701200962,0.5360278487205505,0.6903863549232483,-0.006011796183884144,0.5549725890159607,0.7396158576011658,-0.00831793062388897,0.556764543056488,0.7222220301628113,-0.007152815815061331,0.5428261756896973,0.7172225117683411,-0.004451760556548834,0.5271934866905212,0.7205266952514648,-0.0036358926445245743,0.5443976521492004,0.768248975276947,-0.011223630048334599,0.54632169008255,0.7506674528121948,-0.00889443140476942,0.534341037273407,0.7457072734832764,-0.002997158095240593,0.5222359895706177,0.7489106059074402,0.0015759611269459128
sorry,0.5369669795036316,0.31360524892807007,-0.6377397179603577,0.5622758269309998,0.2676132917404175,-0.5952785015106201,0.5755647420883179,0.27158528566360474,-0.5950950980186462,0.5882658362388611,0.2750679850578308,-0.5949236750602722,0.514915943145752,0.25803613662719727,-0.6058982610702515,0.4950687289237976,0.2555187940597534,-0.6056883335113525,0.47942787408828735,0.254356324672699,-0.6060352325439453,0.6041759848594666,0.29922783374786377,-0.2872272729873657,0.4513612687587738,0.26973921060562134,-0.3299744427204132,0.5536092519760132,0.3738829493522644,-0.5215316414833069,0.495536744594574,0.36927154660224915,-0.5338376760482788,0.674705982208252,0.5365639328956604,-0.09885699301958084,0.3322330117225647,0.5149689316749573,-0.23286333680152893,0.7390722036361694,0.9072580933570862,-0.06461643427610397,0.21574869751930237,0.9127123951911926,-0.5784590840339661,0.7439117431640625,1.1549564599990845,-0.4140762388706207,0.36783331632614136,0.7228845357894897,-1.192446231842041,0.7530927062034607,1.2476369142532349,-0.4879797101020813,0.42722004652023315,0.6903252005577087,-1.3112950325012207,0.7264272570610046,1.2219882011413574,-0.5323572158813477,0.43423300981521606,0.6441918611526489,-1.2799614667892456,0.7119942307472229,1.1883456707000732,-0.4420738220214844,0.4251888692378998,0.6511018872261047,-1.186655044555664,0.5915795564651489,1.0344045162200928,0.02889249101281166,0.37584882974624634,1.034176230430603,-0.026283059269189835,0.5811635255813599,1.5762970447540283,0.09357810765504837,0.35507529973983765,1.5663509368896484,0.020443545654416084,0.5690048336982727,1.9933406114578247,0.5522065162658691,0.3558727502822876,1.9715850353240967,0.3482758104801178,0.5731712579727173,2.0514068603515625,0.5720529556274414,0.34479668736457825,2.023440361022949,0.36777248978614807,0.5416186451911926,2.1382534503936768,0.15702234208583832,0.3928647041320801,2.123735189437866,-0.10866773128509521,0.3762747049331665,0.7144882082939148,-3.716115202223591e-07,0.3862602412700653,0.6429352760314941,0.0023544589057564735,0.41568586230278015,0.6034266948699951,0.000980293843895197,0.44800662994384766,0.6001543402671814,-0.0009153732098639011,0.46432650089263916,0.6221132874488831,-0.002301907166838646,0.4671337306499481,0.6162630915641785,-0.005672900937497616,0.47063547372817993,0.6102005243301392,-0.007550234440714121,0.4533088207244873,0.619114339351654,-0.00963243842124939,0.4401880204677582,0.6284224390983582,-0.01170883234590292,0.47774162888526917,0.6542326807975769,-0.010094466619193554,0.48534148931503296,0.6417351365089417,-0.007906449027359486,0.4686819016933441,0.6456720232963562,-0.006663993466645479,0.4530242085456848,0.6560536623001099,-0.007125720847398043,0.47895607352256775,0.6923410892486572,-0.013326791115105152,0.4799027442932129,0.6793127655982971,-0.011111424304544926,0.4651825428009033,0.6804001331329346,-0.007278384640812874,0.45007553696632385,0.6871989965438843,-0.00627736933529377,0.47278666496276855,0.7257133722305298,-0.01655338704586029,0.470920592546463,0.7140418291091919,-0.01295078918337822,0.45807120203971863,0.7129920125007629,-0.006301588378846645,0.44582849740982056,0.7165321111679077,-0.0016022075433284044
sorry,0.5297966003417969,0.3032708168029785,-0.7319368124008179,0.552543044090271,0.2611525058746338,-0.6814736723899841,0.5653619766235352,0.26579105854034424,-0.6813324093818665,0.5769477486610413,0.2703351378440857,-0.6810156106948853,0.5054434537887573,0.24967676401138306,-0.6950920820236206,0.4858231544494629,0.24678832292556763,-0.6950134634971619,0.4690476357936859,0.24563026428222656,-0.695510983467102,0.5933551788330078,0.2918890714645386,-0.34575897455215454,0.4419669508934021,0.26669788360595703,-0.4019382894039154,0.5484268069267273,0.36171627044677734,-0.6063506007194519,0.49032241106033325,0.359294056892395,-0.6230090260505676,0.6679595708847046,0.5315077304840088,-0.13334009051322937,0.3294326663017273,0.5218666791915894,-0.3193187415599823,0.7415777444839478,0.8963726758956909,-0.10179267078638077,0.24859413504600525,0.9160475134849548,-0.7483341097831726,0.7425658106803894,1.1531741619110107,-0.39612913131713867,0.429227352142334,0.6942476630210876,-1.3423681259155273,0.7599163055419922,1.2530385255813599,-0.4540890157222748,0.48986905813217163,0.6644921898841858,-1.4658441543579102,0.7324177622795105,1.2237428426742554,-0.49050790071487427,0.5006457567214966,0.6156908273696899,-1.4131594896316528,0.7149330377578735,1.193183183670044,-0.4206145703792572,0.48645657300949097,0.6239483952522278,-1.329093337059021,0.6034879684448242,1.037606120109558,0.022796262055635452,0.38648319244384766,1.0536006689071655,-0.020159760490059853,0.6011481285095215,1.59556245803833,0.032880403101444244,0.3842359483242035,1.5916287899017334,0.03341496363282204,0.5935668349266052,2.0204274654388428,0.48136669397354126,0.3871833384037018,2.0076961517333984,0.3790273666381836,0.5967282056808472,2.081714630126953,0.4983353018760681,0.37695786356925964,2.0634467601776123,0.3987940847873688,0.5707489252090454,2.160048723220825,0.05815791338682175,0.4174804091453552,2.1526784896850586,-0.08288604766130447,0.44545286893844604,0.6588019132614136,-3.10734350250641e-07,0.4590596556663513,0.6003890633583069,0.006192270666360855,0.48574772477149963,0.5633452534675598,0.006524053402245045,0.513219952583313,0.55631023645401,0.00503959134221077,0.5266950726509094,0.570095419883728,0.0042626094073057175,0.5308467745780945,0.5646970868110657,0.0007487057591788471,0.5560513734817505,0.5788573026657104,-0.00025317163090221584,0.5458045601844788,0.5923995971679688,-0.0008159040589816868,0.5306307077407837,0.5949580669403076,-0.001619270769879222,0.5414968132972717,0.5987112522125244,-0.005495668388903141,0.5596501231193542,0.6112387180328369,-0.0016361951129510999,0.5488245487213135,0.6209219694137573,0.00027659014449454844,0.5335210561752319,0.6225857138633728,-0.0001691453653620556,0.5458051562309265,0.6342763900756836,-0.010837038978934288,0.5565011501312256,0.6433690786361694,-0.00643513398244977,0.5458577275276184,0.6504127979278564,-0.0025261733680963516,0.5308607816696167,0.6511125564575195,-0.00212694494985044,0.5444760918617249,0.6682140827178955,-0.016113918274641037,0.5501546859741211,0.6738702058792114,-0.01199233066290617,0.5391082763671875,0.6776537299156189,-0.006500211078673601,0.5258574485778809,0.67807936668396,-0.002928209025412798
sorry,0.533452570438385,0.30674296617507935,-0.610887885093689,0.5544230937957764,0.26041245460510254,-0.5648665428161621,0.5689969658851624,0.264303982257843,-0.5647559762001038,0.5799064636230469,0.267991840839386,-0.5645563006401062,0.5092674493789673,0.25300008058547974,-0.5780482888221741,0.49001532793045044,0.2512795925140381,-0.577850341796875,0.4747691750526428,0.250737726688385,-0.5783191919326782,0.5973491072654724,0.29177892208099365,-0.24700577557086945,0.4480581283569336,0.2705761194229126,-0.30025383830070496,0.5507354736328125,0.3674080967903137,-0.4904027581214905,0.4954734444618225,0.3644886016845703,-0.5061969757080078,0.6717634201049805,0.5389220118522644,-0.04925062507390976,0.33003783226013184,0.524759829044342,-0.21588440239429474,0.7397332191467285,0.9060595035552979,-0.033557914197444916,0.21295717358589172,0.9082126617431641,-0.5878526568412781,0.7409459352493286,1.157163381576538,-0.39295920729637146,0.3679695725440979,0.7478770017623901,-1.2234545946121216,0.7421353459358215,1.2634046077728271,-0.46565747261047363,0.4304594099521637,0.7189912796020508,-1.3462156057357788,0.7219896912574768,1.2246876955032349,-0.5021734833717346,0.4387960433959961,0.6702936887741089,-1.3156874179840088,0.7076407670974731,1.1926995515823364,-0.41785484552383423,0.4275640845298767,0.6731395125389099,-1.2183449268341064,0.5974713563919067,1.0515214204788208,0.02325812727212906,0.3759792745113373,1.0621235370635986,-0.020605087280273438,0.5902816653251648,1.6001869440078735,0.06015763804316521,0.3647010922431946,1.590480923652649,0.04976272955536842,0.5743610262870789,2.021027088165283,0.4956575334072113,0.36158818006515503,2.000100612640381,0.40500396490097046,0.5770964622497559,2.0813424587249756,0.5124130249023438,0.35102081298828125,2.0557799339294434,0.4278932511806488,0.5468538999557495,2.1646676063537598,0.08973083645105362,0.3949510157108307,2.1473727226257324,-0.04084235802292824,0.3772048056125641,0.735012412071228,-4.1598070765758166e-07,0.38652023673057556,0.6747340559959412,0.009939377196133137,0.41671222448349,0.637698769569397,0.015657704323530197,0.445370078086853,0.6201427578926086,0.019526472315192223,0.457438588142395,0.6091563701629639,0.024122783914208412,0.467201828956604,0.6476600766181946,0.007863889448344707,0.49655473232269287,0.6384226679801941,0.01056084968149662,0.4862540066242218,0.6452496647834778,0.012733927927911282,0.47069475054740906,0.6538719534873962,0.01493715588003397,0.476523220539093,0.6851813793182373,0.00325547787360847,0.4916427731513977,0.6770352721214294,0.012060561217367649,0.47725775837898254,0.6792193055152893,0.016446596011519432,0.4611850380897522,0.6848692893981934,0.017710935324430466,0.4769207835197449,0.7208431363105774,-0.0002908791939262301,0.4826875925064087,0.7105031609535217,0.00792468711733818,0.4702184498310089,0.7105249166488647,0.01192364003509283,0.4554523229598999,0.7149470448493958,0.012068728916347027,0.4725392758846283,0.7501645088195801,-0.003186701564118266,0.4734605848789215,0.7407213449478149,0.004768273327499628,0.46301424503326416,0.73891681432724,0.010736143216490746,0.4511828124523163,0.741253137588501,0.01420681830495596
sorry,0.5236906409263611,0.3024801015853882,-0.6635858416557312,0.547508716583252,0.2625633478164673,-0.610501766204834,0.5608552694320679,0.26510149240493774,-0.6103560328483582,0.5709055066108704,0.26816436648368835,-0.610131025314331,0.5025360584259033,0.2544313073158264,-0.6259955763816833,0.4836410880088806,0.25181466341018677,-0.6258038878440857,0.4661044180393219,0.25085002183914185,-0.6263089179992676,0.5888563394546509,0.2906653583049774,-0.26990655064582825,0.43955522775650024,0.2700892686843872,-0.3330162465572357,0.5421265363693237,0.35851261019706726,-0.537091076374054,0.48392874002456665,0.35433536767959595,-0.5555244088172913,0.6708696484565735,0.5309385657310486,-0.07504274696111679,0.3245564103126526,0.5150508284568787,-0.27638301253318787,0.740290105342865,0.9048811793327332,-0.07433468103408813,0.2445492297410965,0.9180113673210144,-0.7208089232444763,0.7329858541488647,1.1706769466400146,-0.39396044611930847,0.4088079333305359,0.6657384037971497,-1.321959137916565,0.7436086535453796,1.2745463848114014,-0.4601406455039978,0.4671345353126526,0.6412673592567444,-1.4487414360046387,0.7183407545089722,1.2442127466201782,-0.49166616797447205,0.4759719967842102,0.594184935092926,-1.4003973007202148,0.7016210556030273,1.212207317352295,-0.4183014929294586,0.46062368154525757,0.6012663245201111,-1.311144232749939,0.5978354811668396,1.0483853816986084,0.030883479863405228,0.3557756841182709,1.1356353759765625,-0.028057608753442764,0.5832366347312927,1.626050353050232,0.07567929476499557,0.36096274852752686,1.6174776554107666,-0.0020989361219108105,0.5668362379074097,2.059882402420044,0.550073504447937,0.35343778133392334,2.0439155101776123,0.34675338864326477,0.5694500803947449,2.121547222137451,0.5691750645637512,0.3413633704185486,2.1004140377044678,0.36700838804244995,0.5404693484306335,2.202848196029663,0.13061091303825378,0.38464415073394775,2.193392038345337,-0.13308610022068024,0.42570334672927856,0.6411504745483398,-2.927140769770631e-07,0.4420032501220703,0.5819160342216492,0.007092174142599106,0.47354739904403687,0.5486429929733276,0.008534579537808895,0.501240074634552,0.5481560826301575,0.00746182119473815,0.5150680541992188,0.5657537579536438,0.0068777441047132015,0.5174540281295776,0.5501226782798767,0.0054108016192913055,0.5437278747558594,0.5672845244407654,0.004343672655522823,0.5348141193389893,0.5807995200157166,0.002222520299255848,0.5206926465034485,0.5829244256019592,0.00037910451646894217,0.5268273949623108,0.5848116278648376,-0.0011946653248742223,0.5446769595146179,0.6033848524093628,0.0029706070199608803,0.5334148406982422,0.6109127998352051,0.0032773425336927176,0.5176271796226501,0.609348475933075,0.0015969356754794717,0.5294221043586731,0.6209582090377808,-0.0072059640660882,0.5403503775596619,0.6365808844566345,-0.0024606825318187475,0.529026448726654,0.6413584351539612,0.00022020042524673045,0.5136622190475464,0.6392624378204346,-0.0002687889791559428,0.5264999866485596,0.6536768078804016,-0.013264122419059277,0.5325624942779541,0.6647375226020813,-0.007494745310395956,0.5204793810844421,0.6667474508285522,-0.0017388388514518738,0.5064109563827515,0.6646437644958496,0.00167072971817106
sorry,0.5295061469078064,0.3009936511516571,-0.6352066993713379,0.5534214973449707,0.26159608364105225,-0.5866353511810303,0.5679401159286499,0.26472729444503784,-0.5864980220794678,0.5807719826698303,0.26757949590682983,-0.5862611532211304,0.5070905089378357,0.25324547290802,-0.599662184715271,0.488225519657135,0.2511866092681885,-0.5994794964790344,0.47285446524620056,0.2513618469238281,-0.5999416708946228,0.5987759232521057,0.2929893732070923,-0.26348257064819336,0.4467029571533203,0.2673228979110718,-0.3167075514793396,0.5481287837028503,0.36431461572647095,-0.5137208700180054,0.49068132042884827,0.3593851923942566,-0.5293369889259338,0.6693872809410095,0.5362133383750916,-0.0631454661488533,0.33014607429504395,0.5231775045394897,-0.23490147292613983,0.7378217577934265,0.8958300352096558,-0.05730140209197998,0.20700779557228088,0.9133273959159851,-0.6042620539665222,0.7223149538040161,1.1237080097198486,-0.4241871237754822,0.3776816725730896,0.7452723979949951,-1.226948618888855,0.7437465190887451,1.2453492879867554,-0.4996356964111328,0.4437853693962097,0.7221987247467041,-1.3503915071487427,0.7234259843826294,1.2100836038589478,-0.5342254042625427,0.45375680923461914,0.6770431995391846,-1.3165017366409302,0.7091567516326904,1.179101586341858,-0.44815582036972046,0.44133132696151733,0.6782540082931519,-1.2196470499038696,0.5920249223709106,1.0476711988449097,0.02175753004848957,0.37021604180336,1.0559519529342651,-0.019070619717240334,0.5799655914306641,1.583889365196228,0.08146362751722336,0.3603995442390442,1.5721839666366577,0.045302968472242355,0.5647262930870056,1.9932582378387451,0.5415396690368652,0.35679763555526733,1.9692585468292236,0.4018554091453552,0.5677942037582397,2.0518746376037598,0.5608804821968079,0.34592047333717346,2.022955894470215,0.42499786615371704,0.5366826057434082,2.135504722595215,0.14230477809906006,0.3875405192375183,2.115485191345215,-0.03999166563153267,0.3775506019592285,0.7378177046775818,-3.306946894099383e-07,0.4056388735771179,0.67252516746521,0.008721486665308475,0.4423109292984009,0.6480528712272644,0.010588276199996471,0.4752331078052521,0.6519433856010437,0.0105237802490592,0.49029573798179626,0.6663882732391357,0.0113243218511343,0.4885603189468384,0.6728122234344482,0.0021690670400857925,0.5186443328857422,0.6836540102958679,0.004871767945587635,0.5069902539253235,0.686756432056427,0.007788471411913633,0.49176231026649475,0.6872082352638245,0.009679974056780338,0.4889260232448578,0.7150604724884033,-0.003538524266332388,0.515940248966217,0.719128429889679,0.004247145261615515,0.5028112530708313,0.7158360481262207,0.009130451828241348,0.484627366065979,0.713874876499176,0.010626165196299553,0.4815080463886261,0.7526537775993347,-0.007823758758604527,0.4964022636413574,0.7462520599365234,0.00112135149538517,0.4847007393836975,0.7426879405975342,0.006802145857363939,0.46803417801856995,0.7414589524269104,0.007416605018079281,0.47015222907066345,0.7825352549552917,-0.011775979772210121,0.47907331585884094,0.7737908959388733,-0.001962389564141631,0.4687215983867645,0.768524706363678,0.0063550351187586784,0.4547194540500641,0.7662358283996582,0.010880187153816223
sorry,0.5244668126106262,0.2940300703048706,-0.6260249614715576,0.5495656132698059,0.2555811405181885,-0.57832932472229,0.5641418695449829,0.25871479511260986,-0.5781776905059814,0.577501654624939,0.26153987646102905,-0.5780490040779114,0.501102864742279,0.24892455339431763,-0.5852827429771423,0.48166924715042114,0.2483006864786148,-0.5850836038589478,0.46683192253112793,0.24862360954284668,-0.5854942798614502,0.5961370468139648,0.2895902395248413,-0.26103225350379944,0.44229358434677124,0.27004432678222656,-0.28351274132728577,0.5446875095367432,0.35542982816696167,-0.509466290473938,0.48475003242492676,0.3519260287284851,-0.5163416862487793,0.6705213785171509,0.5314499139785767,-0.09442902356386185,0.3417799174785614,0.5198398232460022,-0.20351561903953552,0.7353549003601074,0.8973356485366821,-0.08872780948877335,0.2427206039428711,0.9007689356803894,-0.6410545706748962,0.7341601252555847,1.1645009517669678,-0.3604968190193176,0.37137067317962646,0.6334676146507263,-1.2893182039260864,0.7433396577835083,1.2551058530807495,-0.4222951829433441,0.42053431272506714,0.5836247801780701,-1.421760082244873,0.7152848243713379,1.241173505783081,-0.45416608452796936,0.4288035035133362,0.5446879863739014,-1.37454092502594,0.700099527835846,1.2079745531082153,-0.38347262144088745,0.4213957190513611,0.5619786977767944,-1.2834409475326538,0.5965849757194519,1.0358068943023682,0.004237114917486906,0.384446382522583,1.039290189743042,-0.0014588957419618964,0.5818473696708679,1.5912507772445679,0.05046980455517769,0.35946428775787354,1.5880905389785767,0.08317074179649353,0.5644019842147827,2.0094804763793945,0.5043895840644836,0.3525693714618683,1.998666763305664,0.4467793405056,0.5685173869132996,2.0685067176818848,0.5229870676994324,0.34339815378189087,2.052300214767456,0.4707728326320648,0.5345765948295593,2.1510496139526367,0.0920179933309555,0.3815644085407257,2.1503891944885254,-0.010083229281008244,0.3807176947593689,0.6071561574935913,-3.017697167706501e-07,0.3898735046386719,0.5451627969741821,0.0009094144916161895,0.4171964228153229,0.5137656927108765,-0.002055997960269451,0.445810467004776,0.520331859588623,-0.006226209457963705,0.4616691768169403,0.5429856777191162,-0.009801588021218777,0.4609667956829071,0.504278302192688,-0.001636084751226008,0.4762250483036041,0.5225865840911865,-0.006379279773682356,0.4643513560295105,0.5351962447166443,-0.01237141340970993,0.451964408159256,0.5392956137657166,-0.017346415668725967,0.47363728284835815,0.5401251912117004,-0.006620091386139393,0.48302632570266724,0.5516939759254456,-0.007320572156459093,0.4698883891105652,0.5587496161460876,-0.009279275313019753,0.4548241198062897,0.5628572106361389,-0.011747821234166622,0.47836509346961975,0.5756237506866455,-0.011431453749537468,0.4820920526981354,0.5824369192123413,-0.011029774323105812,0.46929478645324707,0.5867453217506409,-0.00916339922696352,0.4546855092048645,0.5886194109916687,-0.009037337265908718,0.476336270570755,0.6079067587852478,-0.0167329590767622,0.47432276606559753,0.6121749877929688,-0.015056563541293144,0.46257179975509644,0.6147268414497375,-0.010527724400162697,0.4508688449859619,0.6156821250915527,-0.007002985570579767
sorry,0.5379611253738403,0.310571551322937,-0.5850633978843689,0.5604959726333618,0.26544100046157837,-0.5359852313995361,0.5735977292060852,0.269741415977478,-0.5357744097709656,0.5844520926475525,0.2737082839012146,-0.5354899764060974,0.5148501992225647,0.2558603286743164,-0.5520300269126892,0.4952877461910248,0.2535586357116699,-0.5517832636833191,0.4791334271430969,0.25241488218307495,-0.5522531867027283,0.6012088060379028,0.2944064736366272,-0.20864315330982208,0.4500957131385803,0.2707858085632324,-0.27476468682289124,0.5555617213249207,0.36893871426582336,-0.46175938844680786,0.499738872051239,0.36556434631347656,-0.4808231294155121,0.6748974919319153,0.5386180877685547,-0.003274721559137106,0.33116060495376587,0.5237041711807251,-0.2192002236843109,0.7431427836418152,0.9055772423744202,0.01390394289046526,0.20796546339988708,0.9115307331085205,-0.5947655439376831,0.7321016788482666,1.1425654888153076,-0.35869506001472473,0.39209312200546265,0.7622418999671936,-1.1914253234863281,0.7532361149787903,1.2591701745986938,-0.43342337012290955,0.4587857127189636,0.7374440431594849,-1.310360074043274,0.7348833680152893,1.2261333465576172,-0.47238215804100037,0.4688020348548889,0.6889984607696533,-1.2779029607772827,0.7196128964424133,1.194508671760559,-0.3855852782726288,0.454041063785553,0.6918586492538452,-1.183359980583191,0.5902968645095825,1.0485219955444336,0.03533510863780975,0.36904677748680115,1.0531009435653687,-0.0323428213596344,0.5764757394790649,1.6027082204818726,0.054233044385910034,0.3494022786617279,1.588622808456421,0.01756693422794342,0.5542519688606262,2.0250470638275146,0.48500627279281616,0.338797390460968,1.998579740524292,0.3570297062397003,0.5557875633239746,2.0858514308929443,0.5000357627868652,0.3259436786174774,2.053826332092285,0.3775576651096344,0.5275195837020874,2.1675832271575928,0.06847990304231644,0.3715098202228546,2.147146701812744,-0.10735658556222916,0.39464133977890015,0.7595090270042419,-4.331938896484644e-07,0.4181903898715973,0.6933616995811462,0.007720077410340309,0.4553665220737457,0.6656674742698669,0.011288272216916084,0.4858010411262512,0.6589975357055664,0.013396473601460457,0.49746590852737427,0.6507700681686401,0.01587783731520176,0.5046640634536743,0.6974730491638184,0.005399511195719242,0.523067057132721,0.6908624768257141,0.007218833547085524,0.5069074630737305,0.6887074708938599,0.006898150313645601,0.4905082583427429,0.6923394799232483,0.006574147380888462,0.5041936039924622,0.7399730682373047,0.0006578664178960025,0.5172574520111084,0.7239156365394592,0.007538959849625826,0.5021691918373108,0.7173970341682434,0.010022048838436604,0.48537179827690125,0.7219206094741821,0.009658891707658768,0.4960666298866272,0.776109516620636,-0.0030285315588116646,0.5058553814888,0.7547158598899841,0.0024378050584346056,0.49268221855163574,0.7475036382675171,0.00579253351315856,0.4764416217803955,0.7506974339485168,0.005720938090234995,0.48576587438583374,0.8036203384399414,-0.0061292489990592,0.4927895665168762,0.7819573879241943,-0.0005048714228905737,0.48200780153274536,0.7749908566474915,0.005767486523836851,0.4689393937587738,0.7776932120323181,0.009569283574819565
sorry,0.5316950082778931,0.3077571988105774,-0.544186532497406,0.5538960695266724,0.2680540680885315,-0.49485597014427185,0.5671532154083252,0.2704152464866638,-0.4947396218776703,0.5769661664962769,0.27314287424087524,-0.4946559965610504,0.5076075792312622,0.261727511882782,-0.5085479021072388,0.48703059554100037,0.2605789303779602,-0.508274495601654,0.4700765609741211,0.26134198904037476,-0.5086706280708313,0.5926374197006226,0.2938677966594696,-0.18193680047988892,0.44269460439682007,0.2824157476425171,-0.23314058780670166,0.551469624042511,0.3652503192424774,-0.42700880765914917,0.4921490252017975,0.36275455355644226,-0.44239145517349243,0.6728775501251221,0.5332079529762268,-0.017871025949716568,0.328363299369812,0.5235944390296936,-0.17603257298469543,0.7437242269515991,0.9085010290145874,-0.03458492457866669,0.24441714584827423,0.916466474533081,-0.5899280309677124,0.7350504994392395,1.1713359355926514,-0.33472418785095215,0.4031161367893219,0.6547780632972717,-1.168094277381897,0.7464116811752319,1.2686288356781006,-0.40062278509140015,0.45749449729919434,0.6084818243980408,-1.287338376045227,0.7170167565345764,1.2465649843215942,-0.42500239610671997,0.46001678705215454,0.5649643540382385,-1.2389732599258423,0.6994642019271851,1.2157094478607178,-0.35688960552215576,0.45040884613990784,0.5791355967521667,-1.1582270860671997,0.5995147228240967,1.0542054176330566,0.01731307990849018,0.3647174835205078,1.1422067880630493,-0.014091883786022663,0.5871485471725464,1.6367443799972534,-0.0662229061126709,0.3643219470977783,1.6333298683166504,-0.04980308189988136,0.5661974549293518,2.0736217498779297,0.3286972641944885,0.3522796630859375,2.0640740394592285,0.1765255481004715,0.5695314407348633,2.1353957653045654,0.3405258059501648,0.34104740619659424,2.123023509979248,0.184516042470932,0.533884584903717,2.215723752975464,-0.09728306531906128,0.37906914949417114,2.2149221897125244,-0.2973880469799042,0.4204622507095337,0.6319339871406555,-3.156045806917973e-07,0.42512214183807373,0.5674869418144226,-0.0003362577117513865,0.4524978995323181,0.525642454624176,-0.0016110283322632313,0.4817259907722473,0.523857593536377,-0.003428066847845912,0.4969354271888733,0.5476489663124084,-0.0046325381845235825,0.5025198459625244,0.5304924845695496,-0.0015088004292920232,0.5104528665542603,0.532361626625061,-0.002823942806571722,0.4969624876976013,0.5408502817153931,-0.006681963801383972,0.4867096245288849,0.5471758246421814,-0.010650989599525928,0.5136578679084778,0.5677915215492249,-0.004916413687169552,0.5174645185470581,0.5639960169792175,-0.0020265928469598293,0.5047693252563477,0.5689715147018433,-0.002609793795272708,0.49218976497650146,0.5768942832946777,-0.004781736060976982,0.5161094665527344,0.6041696667671204,-0.007986044511198997,0.5151660442352295,0.5979026556015015,-0.005691877566277981,0.5033732056617737,0.6001041531562805,-0.0039641642943024635,0.4903721809387207,0.6052506566047668,-0.004417072050273418,0.5124799013137817,0.635521411895752,-0.011478406377136707,0.5088626146316528,0.6290782690048218,-0.00877984706312418,0.4981541335582733,0.629835307598114,-0.003990537486970425,0.48785001039505005,0.6335352659225464,-0.0006487745558843017
sorry,0.5339915156364441,0.3055536150932312,-0.6380250453948975,0.5565346479415894,0.26113075017929077,-0.589745283126831,0.5710659027099609,0.2656276822090149,-0.5895025730133057,0.5816177129745483,0.26984184980392456,-0.5891709923744202,0.5090011954307556,0.250729501247406,-0.6011298298835754,0.4895530641078949,0.2478780746459961,-0.6008314490318298,0.47412118315696716,0.24668550491333008,-0.6013269424438477,0.601060152053833,0.29194676876068115,-0.2646086812019348,0.44849443435668945,0.26484090089797974,-0.3092043399810791,0.553109347820282,0.3648133873939514,-0.5154712796211243,0.4950297772884369,0.36183059215545654,-0.5284951329231262,0.6753430366516113,0.538425862789154,-0.0570390522480011,0.331901490688324,0.5222451686859131,-0.24942603707313538,0.7449654936790466,0.9099344611167908,-0.03788077086210251,0.22384271025657654,0.9057676792144775,-0.6449041962623596,0.749774694442749,1.162003993988037,-0.3614206910133362,0.4333127439022064,0.7558473348617554,-1.2106002569198608,0.7566896677017212,1.2672687768936157,-0.43020278215408325,0.5098233222961426,0.7399981021881104,-1.3290396928787231,0.7359057664871216,1.2309565544128418,-0.4635276198387146,0.5158892273902893,0.6891802549362183,-1.281738042831421,0.7190399765968323,1.1997135877609253,-0.385104238986969,0.4964330792427063,0.6915327906608582,-1.1960257291793823,0.5959147810935974,1.0563150644302368,0.026557529345154762,0.3542657494544983,1.133586049079895,-0.023321915417909622,0.5838000178337097,1.6203973293304443,0.053656697273254395,0.3530126214027405,1.603117823600769,0.04320428892970085,0.5632869005203247,2.0403075218200684,0.5107447504997253,0.3397544026374817,2.016303777694702,0.41744476556777954,0.5652622580528259,2.1012775897979736,0.5278733372688293,0.32613739371299744,2.0732107162475586,0.4408193528652191,0.5347819328308105,2.1857857704162598,0.08518540859222412,0.37191280722618103,2.166898488998413,-0.047549597918987274,0.43293121457099915,0.745635449886322,-3.975445963533275e-07,0.45840996503829956,0.6817883849143982,0.008531633764505386,0.49473774433135986,0.6532531380653381,0.012344422750175,0.5263128280639648,0.652574896812439,0.014351345598697662,0.5387488007545471,0.6658980250358582,0.01711452379822731,0.5439805388450623,0.6797617673873901,0.005210340954363346,0.5708586573600769,0.6801120042800903,0.007700195070356131,0.5552968382835388,0.6786425113677979,0.008437487296760082,0.5377618670463562,0.6797451376914978,0.008863618597388268,0.5442386269569397,0.7226299047470093,0.0006182544166222215,0.5608652234077454,0.7175004482269287,0.009369445964694023,0.5469505190849304,0.7127671837806702,0.013057891279459,0.5307264924049377,0.7152948975563049,0.013081048615276814,0.5370137095451355,0.7597521543502808,-0.0028251276817172766,0.5504327416419983,0.7503100037574768,0.004276859108358622,0.5396906137466431,0.7437112927436829,0.008011523634195328,0.523398220539093,0.7439843416213989,0.007965661585330963,0.52785325050354,0.7882229685783386,-0.005622031632810831,0.5405021905899048,0.7776095271110535,0.0011622958118095994,0.5312413573265076,0.770149290561676,0.007784904912114143,0.5172576308250427,0.7694091796875,0.011811659671366215
sorry,0.5359341502189636,0.3096955120563507,-0.6633371114730835,0.5619114637374878,0.2675279974937439,-0.6209002733230591,0.576180100440979,0.2721017003059387,-0.6207590103149414,0.5891966819763184,0.2759469151496887,-0.6206187009811401,0.5133219361305237,0.25692546367645264,-0.6292631030082703,0.4939292371273041,0.25463050603866577,-0.6290980577468872,0.47941359877586365,0.2538236975669861,-0.6294633150100708,0.6064157485961914,0.29886847734451294,-0.3080415725708008,0.4530799984931946,0.27469348907470703,-0.34130847454071045,0.5541375279426575,0.36949068307876587,-0.5454620122909546,0.4941893517971039,0.36493831872940063,-0.5550256371498108,0.6776758432388306,0.5356976985931396,-0.11244480311870575,0.3424593210220337,0.5109032392501831,-0.2434438169002533,0.7345079183578491,0.9028526544570923,-0.08894483000040054,0.21162691712379456,0.9005963802337646,-0.6372491121292114,0.7469596862792969,1.1602091789245605,-0.44737616181373596,0.3417593240737915,0.6866664886474609,-1.3144139051437378,0.7545660734176636,1.2530593872070312,-0.5207441449165344,0.39853811264038086,0.6546459197998047,-1.444204330444336,0.7299283146858215,1.2265994548797607,-0.5663310289382935,0.4030313491821289,0.6046699285507202,-1.4123485088348389,0.7156997919082642,1.193185806274414,-0.47645145654678345,0.39641624689102173,0.6129198670387268,-1.3114176988601685,0.5919668078422546,1.0400993824005127,0.027106184512376785,0.36441895365715027,1.1107029914855957,-0.024654431268572807,0.5762811303138733,1.5857594013214111,0.10583934932947159,0.35542333126068115,1.5754222869873047,0.01869930513203144,0.5577958822250366,2.0030078887939453,0.5820440053939819,0.3487977385520935,1.9851679801940918,0.34645819664001465,0.5616703033447266,2.06060791015625,0.6038927435874939,0.3391050100326538,2.037039041519165,0.3658044934272766,0.5267096757888794,2.1456594467163086,0.19156140089035034,0.3765566349029541,2.1365723609924316,-0.11348627507686615,0.3408357799053192,0.6699185967445374,-3.1715705972601427e-07,0.35607481002807617,0.6001949310302734,0.00033326662378385663,0.39331716299057007,0.566632091999054,-0.00026248517679050565,0.4239174723625183,0.5771925449371338,-0.001665521995164454,0.4330463409423828,0.6082776188850403,-0.0030176332220435143,0.4394436180591583,0.5797017812728882,-0.001017840811982751,0.4477672278881073,0.5876354575157166,-0.0032356251031160355,0.43045154213905334,0.5936389565467834,-0.008215667679905891,0.4181412160396576,0.5974752306938171,-0.01284992229193449,0.44611749053001404,0.621961236000061,-0.004994809627532959,0.45271655917167664,0.6198980808258057,-0.0028850596863776445,0.4380536675453186,0.6200737357139587,-0.0038857273757457733,0.42383086681365967,0.6242175698280334,-0.006058205850422382,0.4439447522163391,0.6602756381034851,-0.008663062937557697,0.4458613097667694,0.6544292569160461,-0.005700943525880575,0.4326215088367462,0.6533248424530029,-0.0034345402382314205,0.41956835985183716,0.6553786396980286,-0.0034508993849158287,0.4351211488246918,0.6909753084182739,-0.012795011512935162,0.4342281222343445,0.6842239499092102,-0.007803341373801231,0.42247453331947327,0.6823679208755493,-0.0014866840792819858,0.4123241901397705,0.683876097202301,0.0025699546094983816
sorry,0.5281817317008972,0.3023183047771454,-0.6207107901573181,0.5509005784988403,0.2634456753730774,-0.570374071598053,0.5652413964271545,0.26773136854171753,-0.5701945424079895,0.576052188873291,0.27203255891799927,-0.5700149536132812,0.5045405626296997,0.2517644166946411,-0.5809870958328247,0.48563042283058167,0.2487555891275406,-0.5808011293411255,0.46977514028549194,0.24779820442199707,-0.5812747478485107,0.5953454971313477,0.2941187024116516,-0.24203617870807648,0.4446328282356262,0.2700881361961365,-0.28209105134010315,0.5475620031356812,0.362080842256546,-0.4992408752441406,0.48928961157798767,0.3572480082511902,-0.5113887786865234,0.6736506819725037,0.5309550166130066,-0.06138940900564194,0.33288681507110596,0.5129070281982422,-0.224878191947937,0.7500209212303162,0.9020344018936157,-0.04495304822921753,0.23898038268089294,0.8883720636367798,-0.6724368333816528,0.7363096475601196,1.1676493883132935,-0.3013651967048645,0.4212396740913391,0.6527143120765686,-1.255423903465271,0.7438139319419861,1.2703968286514282,-0.3582506775856018,0.4871803820133209,0.6151721477508545,-1.3801645040512085,0.7185441255569458,1.2458264827728271,-0.3878571391105652,0.49128755927085876,0.5707020163536072,-1.3226288557052612,0.7032358646392822,1.2124232053756714,-0.32319578528404236,0.47539839148521423,0.5840107798576355,-1.2423161268234253,0.59843510389328,1.0452762842178345,0.014375364407896996,0.3766082525253296,1.0496313571929932,-0.011475548148155212,0.5878084897994995,1.6108660697937012,0.045795541256666183,0.36618417501449585,1.6034724712371826,0.03713821992278099,0.5692942142486572,2.0400943756103516,0.49880343675613403,0.3562634289264679,2.027294397354126,0.38117942214012146,0.5712883472442627,2.1016926765441895,0.5167233943939209,0.34458106756210327,2.085562229156494,0.4025849401950836,0.5436811447143555,2.184811592102051,0.08152880519628525,0.3865671753883362,2.1772849559783936,-0.08751960843801498,0.4456333518028259,0.6241995096206665,-3.425586498906341e-07,0.4576725959777832,0.5692574381828308,0.007402981165796518,0.4832950830459595,0.5346734523773193,0.010000663809478283,0.5061424374580383,0.5230609178543091,0.011010200716555119,0.5160799026489258,0.5281684398651123,0.012688567861914635,0.5287056565284729,0.5362865924835205,0.0009212997974827886,0.553531289100647,0.5476825833320618,0.0015549249947071075,0.5439059734344482,0.5591145157814026,0.0027558724395930767,0.5293327569961548,0.562053382396698,0.0034178870264440775,0.5370911359786987,0.5717105865478516,-0.004840912763029337,0.5550161004066467,0.5805749893188477,0.0008394485339522362,0.5443111062049866,0.5869978666305542,0.004503652919083834,0.5295080542564392,0.5887991189956665,0.004875417798757553,0.538848876953125,0.6083113551139832,-0.009502137079834938,0.5497776865959167,0.6130544543266296,-0.004033746663480997,0.539349377155304,0.6172657608985901,0.00020162695727776736,0.5247915387153625,0.6187776923179626,0.000449836632469669,0.5354281663894653,0.6412183046340942,-0.013868684880435467,0.541760265827179,0.644061267375946,-0.009101766161620617,0.5318280458450317,0.6456363797187805,-0.003798327874392271,0.5195593237876892,0.6463927030563354,-0.0007949862629175186
sorry,0.5386768579483032,0.307437539100647,-0.6337882876396179,0.5613273978233337,0.2665799856185913,-0.5857324600219727,0.5754675269126892,0.2698640823364258,-0.5855913162231445,0.5863832831382751,0.2734583020210266,-0.5854698419570923,0.516618013381958,0.25606054067611694,-0.5958507657051086,0.49827438592910767,0.2525429129600525,-0.5955528020858765,0.48195862770080566,0.25094693899154663,-0.5959869623184204,0.6041783094406128,0.2947975993156433,-0.2572721540927887,0.4550066888332367,0.2706880569458008,-0.2987101078033447,0.5568906664848328,0.364721417427063,-0.5109555125236511,0.5020032525062561,0.35889503359794617,-0.523232638835907,0.6763553619384766,0.5366122722625732,-0.0742061585187912,0.33730942010879517,0.5159805417060852,-0.21588365733623505,0.7427719235420227,0.897564172744751,-0.08923988789319992,0.19431033730506897,0.883122444152832,-0.624932050704956,0.7569729089736938,1.1524784564971924,-0.45258134603500366,0.3552362322807312,0.7327627539634705,-1.2789448499679565,0.758597731590271,1.2523181438446045,-0.5336517691612244,0.4234983026981354,0.7120956778526306,-1.4101392030715942,0.740621030330658,1.211953043937683,-0.5708545446395874,0.43473249673843384,0.6633405089378357,-1.3712635040283203,0.7246649861335754,1.1830638647079468,-0.4792640209197998,0.42421919107437134,0.6635562777519226,-1.2726573944091797,0.5956003665924072,1.062247395515442,0.004908538423478603,0.3524906635284424,1.1349027156829834,-0.001940643647685647,0.5752933621406555,1.6219556331634521,0.07359329611063004,0.3483307361602783,1.6075619459152222,0.05420871451497078,0.5528075695037842,2.0486502647399902,0.535997211933136,0.3361678719520569,2.023007869720459,0.4008914530277252,0.5551415085792542,2.109055757522583,0.5551438331604004,0.3245404362678528,2.0792369842529297,0.424210786819458,0.5210004448890686,2.1936445236206055,0.12321029603481293,0.3631953299045563,2.173487663269043,-0.06197570636868477,0.36135080456733704,0.7116315364837646,-3.738074667580804e-07,0.38980716466903687,0.6547501683235168,0.01250544935464859,0.4275912046432495,0.6300336122512817,0.01750483177602291,0.455742210149765,0.6221635341644287,0.020154686644673347,0.46836432814598083,0.6161425709724426,0.023456478491425514,0.4716382622718811,0.65248042345047,0.0060750641860067844,0.5015321969985962,0.6681210994720459,0.007653648499399424,0.48812419176101685,0.6730445027351379,0.008996239863336086,0.470514178276062,0.6707261800765991,0.01044525671750307,0.47007250785827637,0.6935349106788635,-0.001075218548066914,0.4959690570831299,0.7047683000564575,0.006691960152238607,0.4827394187450409,0.7043167948722839,0.011209382675588131,0.4649147689342499,0.7015968561172485,0.012158181518316269,0.46249714493751526,0.7306520938873291,-0.006821943912655115,0.481798380613327,0.7365253567695618,0.0023766013327986,0.47126802802085876,0.7337220907211304,0.008143872022628784,0.45504844188690186,0.7294749021530151,0.008577506057918072,0.452088862657547,0.7599775195121765,-0.011878951452672482,0.4647737145423889,0.7604018449783325,-0.002671504858881235,0.45546701550483704,0.7565915584564209,0.004947263281792402,0.44216158986091614,0.7528803944587708,0.008791757747530937
sorry,0.5342763066291809,0.30739396810531616,-0.6046295762062073,0.5576107501983643,0.26895397901535034,-0.5541679263114929,0.5702213048934937,0.2717449963092804,-0.5539330244064331,0.5806560516357422,0.27436381578445435,-0.5537838935852051,0.512599527835846,0.2600950002670288,-0.5666388869285583,0.49348583817481995,0.25673985481262207,-0.5664358139038086,0.47541531920433044,0.2555387020111084,-0.5669282674789429,0.5966153740882874,0.2962678074836731,-0.23028402030467987,0.44791045784950256,0.2746020555496216,-0.2782007157802582,0.5520000457763672,0.36178505420684814,-0.484872430562973,0.49496468901634216,0.35814905166625977,-0.49892979860305786,0.671631932258606,0.5317647457122803,-0.04421887546777725,0.3340260684490204,0.5115796327590942,-0.2319238930940628,0.7473607063293457,0.9079926013946533,-0.029711967334151268,0.24336573481559753,0.8922584652900696,-0.6609179377555847,0.73441481590271,1.1678345203399658,-0.3019087314605713,0.43449336290359497,0.6618496179580688,-1.1950863599777222,0.7476538419723511,1.2588040828704834,-0.36214882135391235,0.50212162733078,0.6376786828041077,-1.313765048980713,0.7205098867416382,1.242989420890808,-0.39269790053367615,0.5121424794197083,0.5984093546867371,-1.2565958499908447,0.7038667798042297,1.2106772661209106,-0.32552945613861084,0.49599990248680115,0.6058028936386108,-1.1801426410675049,0.5966987609863281,1.0458402633666992,0.0316290408372879,0.3737557530403137,1.0473672151565552,-0.028688471764326096,0.582419753074646,1.6189905405044556,0.052698660641908646,0.35856372117996216,1.6017903089523315,-0.0026588919572532177,0.560205340385437,2.055365800857544,0.4887727200984955,0.34169602394104004,2.034327983856201,0.31643569469451904,0.5614559650421143,2.1173250675201416,0.5045582056045532,0.32755112648010254,2.092613935470581,0.3337553143501282,0.5335216522216797,2.199084758758545,0.06724043935537338,0.3735111951828003,2.185239553451538,-0.16168439388275146,0.44922935962677,0.634985625743866,-3.5746333537645114e-07,0.46841031312942505,0.5786498785018921,0.006222988944500685,0.49881526827812195,0.5461015701293945,0.007049180567264557,0.5253483653068542,0.5440011620521545,0.0057875108905136585,0.5368964076042175,0.5584329962730408,0.0050728474743664265,0.5455256104469299,0.5543532967567444,0.0014300565235316753,0.5662039518356323,0.5745517015457153,0.0014850065344944596,0.553921639919281,0.5862744450569153,0.0012375365477055311,0.538246214389801,0.5869835615158081,0.0003476396668702364,0.5524342656135559,0.5908581018447876,-0.004888137336820364,0.5644124746322632,0.6119354963302612,-0.0007534120231866837,0.5511321425437927,0.6184253096580505,3.9729304262436926e-05,0.5347721576690674,0.6162036657333374,-0.0015380572294816375,0.5523001551628113,0.6284801363945007,-0.010128888301551342,0.5585002899169922,0.6441541314125061,-0.006637090817093849,0.5461517572402954,0.6498574614524841,-0.0038108746521174908,0.530246376991272,0.6483578681945801,-0.0040162792429327965,0.5467404723167419,0.6619809865951538,-0.01527189090847969,0.5523670315742493,0.6746848225593567,-0.012122545391321182,0.5407031774520874,0.6787155270576477,-0.00705274473875761,0.52707439661026,0.6782404184341431,-0.003668266348540783
sorry,0.5341688990592957,0.30200231075286865,-0.659835696220398,0.5597246885299683,0.26126766204833984,-0.613277792930603,0.5733901858329773,0.2641686797142029,-0.6131523251533508,0.5866409540176392,0.2669324278831482,-0.6129573583602905,0.5126898884773254,0.25322842597961426,-0.6214890480041504,0.49352091550827026,0.25151461362838745,-0.6212068200111389,0.4784601330757141,0.25119316577911377,-0.6216276288032532,0.6021361947059631,0.29223304986953735,-0.29361510276794434,0.45238620042800903,0.2684113383293152,-0.32527050375938416,0.5509974360466003,0.3640279769897461,-0.5412318110466003,0.4944046139717102,0.3585777282714844,-0.5508884191513062,0.6734932661056519,0.5382261872291565,-0.11111940443515778,0.33417612314224243,0.5158226490020752,-0.22337129712104797,0.7362903356552124,0.9087012410163879,-0.10190572589635849,0.21250784397125244,0.8952248692512512,-0.6098484992980957,0.7467334866523743,1.1458280086517334,-0.4427112638950348,0.3376223146915436,0.7142114639282227,-1.2847795486450195,0.7449927926063538,1.2476154565811157,-0.5158143639564514,0.39860260486602783,0.6933952569961548,-1.4154900312423706,0.7281581163406372,1.2067369222640991,-0.5525285601615906,0.4066484868526459,0.6461604237556458,-1.3808952569961548,0.7139175534248352,1.17546546459198,-0.4676746726036072,0.39827799797058105,0.648766279220581,-1.2814263105392456,0.5889663696289062,1.0355303287506104,0.009080875664949417,0.35665127635002136,1.11422598361969,-0.006198714952915907,0.5816313028335571,1.5822908878326416,0.05188460275530815,0.35884198546409607,1.5720055103302002,0.08892649412155151,0.5687676668167114,1.9929614067077637,0.5010747313499451,0.35708239674568176,1.971214771270752,0.4749200940132141,0.5727263689041138,2.050930976867676,0.5183320641517639,0.34686073660850525,2.0236849784851074,0.5010095238685608,0.5392796993255615,2.135775566101074,0.08255014568567276,0.38793742656707764,2.119842052459717,0.021795786917209625,0.33641117811203003,0.6999284029006958,-3.12482228537192e-07,0.3564662039279938,0.638608992099762,0.007346258033066988,0.39250800013542175,0.6110774278640747,0.010326686315238476,0.42544397711753845,0.6096698045730591,0.011146132834255695,0.43883055448532104,0.6157793998718262,0.013140663504600525,0.4410778880119324,0.6207310557365417,0.007492424454540014,0.4743562638759613,0.6367438435554504,0.008818592876195908,0.46516525745391846,0.6455931663513184,0.009977757930755615,0.44885364174842834,0.6459475755691528,0.011400135233998299,0.44619154930114746,0.6618795394897461,0.0023098366800695658,0.4718151390552521,0.6737360954284668,0.009405543096363544,0.45951715111732483,0.6776341199874878,0.012814011424779892,0.44260239601135254,0.6775103211402893,0.013520830310881138,0.444275826215744,0.701229453086853,-0.002341079292818904,0.4673125147819519,0.7078478932380676,0.004314192105084658,0.45614245533943176,0.7087907195091248,0.00860108993947506,0.4386371672153473,0.7073810696601868,0.00924505852162838,0.43808698654174805,0.7343152165412903,-0.0067599923349916935,0.45482689142227173,0.7365623712539673,0.0007273831288330257,0.444756418466568,0.7351357936859131,0.007792620919644833,0.4298318028450012,0.7330135107040405,0.01209143828600645
sorry,0.5346393585205078,0.3001261353492737,-0.6329006552696228,0.5575727820396423,0.2577947974205017,-0.5812572836875916,0.5709061622619629,0.2605642080307007,-0.5810319185256958,0.5807144045829773,0.26361435651779175,-0.5807517766952515,0.5118197798728943,0.25117582082748413,-0.5971322655677795,0.4919310212135315,0.2493247389793396,-0.5969216823577881,0.4749111235141754,0.2496393322944641,-0.5974000692367554,0.5978607535362244,0.285361647605896,-0.2457454949617386,0.44763273000717163,0.27291929721832275,-0.3107603192329407,0.5533599853515625,0.35691192746162415,-0.5076766610145569,0.4960145354270935,0.35553914308547974,-0.5262491106987,0.6761659383773804,0.5300008654594421,-0.03397489711642265,0.3347693085670471,0.5121055245399475,-0.26304081082344055,0.7450262308120728,0.8951233625411987,-0.025333549827337265,0.23908928036689758,0.9009315371513367,-0.6927270293235779,0.7235054969787598,1.1387076377868652,-0.3507947325706482,0.42133063077926636,0.6937894225120544,-1.2769439220428467,0.7489238977432251,1.2575923204421997,-0.4148029386997223,0.48422542214393616,0.6638660430908203,-1.3967117071151733,0.7063681483268738,1.21707284450531,-0.440913587808609,0.493192583322525,0.6138597726821899,-1.3530243635177612,0.6920289993286133,1.1870349645614624,-0.37172120809555054,0.47879090905189514,0.6201407313346863,-1.2656110525131226,0.5988547205924988,1.0436064004898071,0.04464523121714592,0.37813231348991394,1.0505030155181885,-0.041954461485147476,0.5815788507461548,1.6149628162384033,0.07980316877365112,0.3592713475227356,1.5978548526763916,-0.026768779382109642,0.557520866394043,2.0507378578186035,0.5316580533981323,0.34399884939193726,2.029007911682129,0.2982173264026642,0.5584524273872375,2.112025737762451,0.5483911633491516,0.330422580242157,2.0856306552886963,0.31535205245018005,0.5332690477371216,2.1908814907073975,0.11154162883758545,0.37408339977264404,2.177109956741333,-0.18424484133720398,0.43854767084121704,0.6677477359771729,-3.511308648285194e-07,0.4459957480430603,0.6051564812660217,0.006631381809711456,0.4738297760486603,0.5617725253105164,0.010538794100284576,0.4988568425178528,0.5426427721977234,0.013081306591629982,0.5074408650398254,0.5465255379676819,0.016382135450839996,0.5193536281585693,0.5677061080932617,0.005574858747422695,0.5427618026733398,0.5573128461837769,0.0079375384375453,0.5284700393676758,0.5624498128890991,0.008932797238230705,0.5141187310218811,0.571235716342926,0.009341421537101269,0.5298323035240173,0.6045818328857422,0.0018518648575991392,0.5447728633880615,0.5875645875930786,0.0089628417044878,0.5315849184989929,0.5883356928825378,0.01265208050608635,0.5172843933105469,0.5976327657699585,0.013356962241232395,0.5327069759368896,0.6398348212242126,-0.0010671577183529735,0.5402008295059204,0.619543194770813,0.005395122338086367,0.5288003087043762,0.6186138391494751,0.008964559063315392,0.5154831409454346,0.6266251802444458,0.009083954617381096,0.5307987928390503,0.6694253087043762,-0.003515801392495632,0.534238874912262,0.6501649618148804,0.0031444337218999863,0.5239773988723755,0.6477062106132507,0.008961732499301434,0.5129075050354004,0.6541439294815063,0.012171407230198383
sorry,0.5368546843528748,0.29550039768218994,-0.6800982356071472,0.5606940984725952,0.2559269666671753,-0.6304367780685425,0.5753493905067444,0.2594006061553955,-0.6302592158317566,0.5875068306922913,0.26252275705337524,-0.6300255060195923,0.5145263075828552,0.24717587232589722,-0.642109215259552,0.495814710855484,0.24504047632217407,-0.6418062448501587,0.4814945161342621,0.24515575170516968,-0.6422288417816162,0.6047447919845581,0.28802359104156494,-0.2928910553455353,0.45605286955833435,0.2620697021484375,-0.3400096893310547,0.5555433034896851,0.3592495918273926,-0.5536866188049316,0.4990028738975525,0.3521987795829773,-0.5676552057266235,0.6750055551528931,0.5386461019515991,-0.07895684987306595,0.33563390374183655,0.5163109302520752,-0.2687164843082428,0.7394590377807617,0.9070043563842773,-0.040724463760852814,0.20799967646598816,0.8920646905899048,-0.6874571442604065,0.751361608505249,1.159855604171753,-0.3654051125049591,0.3755546808242798,0.7512403130531311,-1.3506101369857788,0.7508800625801086,1.2523986101150513,-0.4355989396572113,0.43646493554115295,0.7201205492019653,-1.4818273782730103,0.7340993881225586,1.2280869483947754,-0.4718378186225891,0.4440079629421234,0.672212541103363,-1.449079990386963,0.7196334004402161,1.1963270902633667,-0.38986116647720337,0.4344845414161682,0.6768814325332642,-1.3456493616104126,0.5940507650375366,1.0431028604507446,0.021120548248291016,0.37326300144195557,1.0443445444107056,-0.018444649875164032,0.5816102027893066,1.5839424133300781,0.12164189666509628,0.36130034923553467,1.5753135681152344,0.11057369410991669,0.5640755891799927,1.9948351383209229,0.6311169862747192,0.3590353727340698,1.9754725694656372,0.5429693460464478,0.5662182569503784,2.05365252494812,0.6545700430870056,0.3488290309906006,2.028656005859375,0.5745586156845093,0.5380935668945312,2.137141227722168,0.21722695231437683,0.39027151465415955,2.123490810394287,0.08362939208745956,0.36635637283325195,0.747758150100708,-4.338100154654967e-07,0.3857097625732422,0.6839047074317932,0.0035922378301620483,0.4213447868824005,0.6476495265960693,0.004864751361310482,0.45128560066223145,0.6325159072875977,0.005134936422109604,0.4642748236656189,0.6221733093261719,0.0057176812551915646,0.47826454043388367,0.677937924861908,0.003511580638587475,0.4853513538837433,0.6767192482948303,0.005284348968416452,0.4663739502429962,0.6780753135681152,0.0027417843230068684,0.45129626989364624,0.6828349828720093,0.00040758782415650785,0.47701916098594666,0.7215197682380676,0.0004185781581327319,0.4759815037250519,0.711576521396637,0.008521088398993015,0.4602467119693756,0.7082102298736572,0.009016850963234901,0.44493839144706726,0.7125609517097473,0.006496769841760397,0.46617430448532104,0.7585050463676453,-0.001768031739629805,0.4635494649410248,0.7416252493858337,0.004512266721576452,0.45020127296447754,0.736567497253418,0.005724023561924696,0.435343474149704,0.7392434477806091,0.003958262503147125,0.4518628418445587,0.7854714393615723,-0.0036338961217552423,0.4489345848560333,0.7691663503646851,0.0022778178099542856,0.4385237991809845,0.7629426717758179,0.007715917658060789,0.4272626042366028,0.7642303705215454,0.011004244908690453
sorry,0.5290833711624146,0.30171459913253784,-0.6733852028846741,0.554066002368927,0.2616909146308899,-0.6239128708839417,0.5673811435699463,0.26526904106140137,-0.6237661242485046,0.5794025659561157,0.26890355348587036,-0.6235786080360413,0.5070057511329651,0.2520083785057068,-0.6385549306869507,0.4870685636997223,0.2495386004447937,-0.638468325138092,0.4697793126106262,0.248721182346344,-0.6389158368110657,0.5972249507904053,0.2930523157119751,-0.3043365180492401,0.44209903478622437,0.27230626344680786,-0.36609557271003723,0.5491905808448792,0.3610690236091614,-0.5536295175552368,0.4889196753501892,0.3560676574707031,-0.572107195854187,0.6736927032470703,0.5353795886039734,-0.12035554647445679,0.32867640256881714,0.5231351852416992,-0.27382227778434753,0.7429277896881104,0.9130542278289795,-0.10487300157546997,0.24642708897590637,0.920396089553833,-0.6648921966552734,0.7372497320175171,1.1693520545959473,-0.3875238299369812,0.3946261405944824,0.652354896068573,-1.2245949506759644,0.7503200769424438,1.274385929107666,-0.44033509492874146,0.45342427492141724,0.5988744497299194,-1.341315507888794,0.7255535125732422,1.242753267288208,-0.4777694344520569,0.4570876955986023,0.5584017634391785,-1.2855072021484375,0.7071120142936707,1.2104133367538452,-0.4132664203643799,0.44664955139160156,0.5740790963172913,-1.2126433849334717,0.5969722867012024,1.0481094121932983,0.024575013667345047,0.37683239579200745,1.0568981170654297,-0.021707499399781227,0.5716683864593506,1.6133167743682861,-0.05742084980010986,0.3416294455528259,1.6004719734191895,-0.1034165471792221,0.5540993809700012,2.053234100341797,0.303729772567749,0.3334188461303711,2.0336713790893555,0.08501653373241425,0.5562500953674316,2.1174156665802,0.3139990568161011,0.3243328928947449,2.0933351516723633,0.08593198657035828,0.5268608331680298,2.19220232963562,-0.11067335307598114,0.36037540435791016,2.1800522804260254,-0.3885570168495178,0.4169751703739166,0.6320629119873047,-3.503587038267142e-07,0.4207344651222229,0.5652662515640259,-0.0014359407359734178,0.4473101496696472,0.5241316556930542,-0.002859729342162609,0.474089652299881,0.5241872668266296,-0.0046943132765591145,0.4875415563583374,0.5489864945411682,-0.006336894817650318,0.5010443925857544,0.52911776304245,-0.0015248922863975167,0.49312594532966614,0.5279759764671326,-0.005233731120824814,0.4773499071598053,0.5373020768165588,-0.011717799119651318,0.46852976083755493,0.5450066328048706,-0.016940459609031677,0.5114721655845642,0.5674141645431519,-0.0046568941324949265,0.5014209747314453,0.5618363618850708,-0.004413423128426075,0.487281858921051,0.567655086517334,-0.006888048257678747,0.47709256410598755,0.5764492750167847,-0.00973732303828001,0.5120989084243774,0.6040036082267761,-0.007686779368668795,0.5020853281021118,0.5970186591148376,-0.007978039793670177,0.4895150661468506,0.5992211699485779,-0.007945876568555832,0.47931888699531555,0.6046456694602966,-0.008724184706807137,0.505919873714447,0.634162425994873,-0.011149651370942593,0.495691180229187,0.6289531588554382,-0.010148990899324417,0.48379701375961304,0.6289970874786377,-0.0064522866159677505,0.4753713309764862,0.6318138837814331,-0.003465549321845174
sorry,0.5379918813705444,0.302335262298584,-0.5773012638092041,0.5619590878486633,0.25844329595565796,-0.5271896123886108,0.575278639793396,0.26170212030410767,-0.5270615816116333,0.5891917943954468,0.26541250944137573,-0.5268815159797668,0.5150729417800903,0.2500443458557129,-0.5416550636291504,0.49546653032302856,0.24811941385269165,-0.5414370894432068,0.4791727662086487,0.24771076440811157,-0.5418834686279297,0.6033092737197876,0.29191893339157104,-0.2085409164428711,0.45002371072769165,0.2637157440185547,-0.26860183477401733,0.5552256107330322,0.3647889494895935,-0.4580661654472351,0.49827104806900024,0.35904186964035034,-0.4758421778678894,0.6725913286209106,0.540042519569397,-0.0290745310485363,0.3301994502544403,0.5251778364181519,-0.19670724868774414,0.7424049973487854,0.9105862379074097,-0.04026588797569275,0.2077295482158661,0.908467173576355,-0.5596839189529419,0.7533602118492126,1.1527060270309448,-0.4159570336341858,0.3802851438522339,0.7452529668807983,-1.158937931060791,0.7572112083435059,1.2501239776611328,-0.49256402254104614,0.4497377872467041,0.7155546545982361,-1.2779231071472168,0.7372968196868896,1.216566801071167,-0.528874397277832,0.45776548981666565,0.6706323623657227,-1.2416267395019531,0.7208340167999268,1.1863197088241577,-0.44242972135543823,0.44547557830810547,0.6740491390228271,-1.1515178680419922,0.5917488932609558,1.0464279651641846,0.01801542192697525,0.3684815764427185,1.0489521026611328,-0.014989098533987999,0.57368004322052,1.5969455242156982,0.02005697973072529,0.35069209337234497,1.5838220119476318,0.021816903725266457,0.5547159314155579,2.017287254333496,0.43724194169044495,0.342358261346817,1.9909510612487793,0.3342939615249634,0.5568974018096924,2.0784945487976074,0.45246991515159607,0.3307819366455078,2.046475887298584,0.3523404896259308,0.5259090662002563,2.1583900451660156,0.02750069461762905,0.3732084035873413,2.1393284797668457,-0.11998812109231949,0.38236647844314575,0.7336509227752686,-3.468332749889669e-07,0.4108005166053772,0.6662452220916748,0.005242276005446911,0.4517878293991089,0.6362856030464172,0.007352557964622974,0.4883788824081421,0.6380771994590759,0.008771585300564766,0.4986063539981842,0.658237099647522,0.011171560734510422,0.5024069547653198,0.6799486875534058,0.0031298696994781494,0.5222717523574829,0.6869519352912903,0.009427100419998169,0.5047872066497803,0.6801977753639221,0.01253683865070343,0.4899696111679077,0.679036021232605,0.013093631714582443,0.4962499141693115,0.7231603264808655,0.0004781102470587939,0.5149050951004028,0.7184061408042908,0.010288676247000694,0.5012298226356506,0.708268940448761,0.015150092542171478,0.48394903540611267,0.7074642777442932,0.01584319770336151,0.482786625623703,0.7578288912773132,-0.0008036107756197453,0.49850139021873474,0.7464093565940857,0.008280657231807709,0.4878873825073242,0.7363967895507812,0.01337448786944151,0.4713027775287628,0.7341781258583069,0.013677051290869713,0.46720898151397705,0.7837702631950378,-0.0016619355883449316,0.4791938364505768,0.7689186930656433,0.00717878295108676,0.4701181948184967,0.7594357132911682,0.014711392112076283,0.4566802978515625,0.7575081586837769,0.01873103715479374
sorry,0.5299755930900574,0.30135059356689453,-0.6303645372390747,0.5534619092941284,0.26234936714172363,-0.57669997215271,0.5655162930488586,0.2654827833175659,-0.5765628814697266,0.5769064426422119,0.26870542764663696,-0.5763468742370605,0.5071486234664917,0.25323742628097534,-0.5934869647026062,0.48730215430259705,0.25056928396224976,-0.5933493971824646,0.4694167673587799,0.24963344633579254,-0.5938707590103149,0.5928252339363098,0.2908388376235962,-0.24022695422172546,0.44044429063796997,0.27331477403640747,-0.30808231234550476,0.5481723546981812,0.3588898479938507,-0.5054596066474915,0.49011558294296265,0.3556780219078064,-0.525326132774353,0.6717597246170044,0.5336683392524719,-0.04632379114627838,0.32736635208129883,0.521342933177948,-0.26404377818107605,0.7465834617614746,0.9106121063232422,-0.04228751361370087,0.24265101552009583,0.9166736602783203,-0.7055584788322449,0.7428994178771973,1.1714890003204346,-0.35493555665016174,0.419022798538208,0.6675718426704407,-1.2876644134521484,0.7539420127868652,1.2769598960876465,-0.4176110327243805,0.4778203070163727,0.6271612644195557,-1.4103165864944458,0.7304536700248718,1.2463881969451904,-0.45018380880355835,0.48234739899635315,0.5826342701911926,-1.362131118774414,0.7129116654396057,1.2142367362976074,-0.37980011105537415,0.4684518277645111,0.5950631499290466,-1.2768778800964355,0.5983156561851501,1.0492414236068726,0.03842659667134285,0.3744109869003296,1.0559970140457153,-0.03556274250149727,0.5839869379997253,1.6247279644012451,0.06672270596027374,0.3562244474887848,1.6167716979980469,-0.018953824415802956,0.5673110485076904,2.059300422668457,0.5286045670509338,0.34941309690475464,2.0447123050689697,0.31147754192352295,0.5704309940338135,2.1210830211639404,0.5467102527618408,0.33806338906288147,2.1009371280670166,0.3292171359062195,0.5410491824150085,2.200976848602295,0.10934243351221085,0.38283780217170715,2.1956498622894287,-0.1696033626794815,0.4379824995994568,0.6393486261367798,-2.8781698802049505e-07,0.4493827223777771,0.5763834118843079,0.002589674200862646,0.4804033935070038,0.5411204695701599,0.003015139140188694,0.509601891040802,0.5423132181167603,0.0018476452678442001,0.522843599319458,0.563636302947998,0.0012235731119289994,0.5225211381912231,0.5430242419242859,0.002466490725055337,0.5459432601928711,0.5531446933746338,0.0011061921250075102,0.5350995659828186,0.5616459846496582,-0.001651235856115818,0.5220779776573181,0.564830482006073,-0.004134798888117075,0.5320340394973755,0.5797252058982849,-0.0017114421352744102,0.5434895753860474,0.5866041779518127,0.0016915141604840755,0.5320942997932434,0.5899603962898254,0.0019232096383348107,0.5184306502342224,0.5925396680831909,0.0003663303214125335,0.5335962176322937,0.6154443025588989,-0.0056810881942510605,0.5380721092224121,0.6168733835220337,-0.0026086620055139065,0.5271563529968262,0.6197697520256042,-0.0005483994027599692,0.5137273073196411,0.6226792931556702,-0.0007213081116788089,0.5300951600074768,0.6459798216819763,-0.009953622706234455,0.5319032669067383,0.6467249989509583,-0.005989967845380306,0.5222225785255432,0.6485985517501831,-0.0011235341662541032,0.5118653178215027,0.6514208316802979,0.0021366046275943518
sorry,0.5330443978309631,0.298636257648468,-0.6765369176864624,0.5549198985099792,0.255801260471344,-0.6238651871681213,0.569367527961731,0.25999271869659424,-0.6237288117408752,0.5809561014175415,0.26377832889556885,-0.6234105229377747,0.5090520977973938,0.2482035756111145,-0.638572096824646,0.4896658957004547,0.24684034287929535,-0.6383177042007446,0.4745640754699707,0.24672716856002808,-0.6387879252433777,0.5980353355407715,0.29019057750701904,-0.277474969625473,0.44811224937438965,0.2684575915336609,-0.33842170238494873,0.5515937805175781,0.3605642318725586,-0.547539234161377,0.49417176842689514,0.35612982511520386,-0.56559157371521,0.673882246017456,0.5371533036231995,-0.06974266469478607,0.3339956998825073,0.5233228206634521,-0.2655128836631775,0.7396137714385986,0.9003151655197144,-0.052013982087373734,0.20520558953285217,0.8939441442489624,-0.6962143778800964,0.7301210165023804,1.149376392364502,-0.37528544664382935,0.3835657835006714,0.7399572730064392,-1.3302381038665771,0.7380117177963257,1.2536789178848267,-0.44108933210372925,0.4452897012233734,0.7103656530380249,-1.4548391103744507,0.7081869840621948,1.2153149843215942,-0.4704975485801697,0.46075257658958435,0.6623936891555786,-1.4158716201782227,0.696567177772522,1.1853517293930054,-0.39616480469703674,0.4458045959472656,0.6698320508003235,-1.3221635818481445,0.5999575257301331,1.0400196313858032,0.02657807432115078,0.3815014064311981,1.045691728591919,-0.023887375369668007,0.5948395133018494,1.5951728820800781,0.09708328545093536,0.3688029944896698,1.5900425910949707,0.07889306545257568,0.5779231190681458,2.0163841247558594,0.588511049747467,0.3673577904701233,2.001053810119629,0.48191237449645996,0.5806477069854736,2.0755739212036133,0.6092846989631653,0.3571115732192993,2.0546610355377197,0.5089637041091919,0.5532500743865967,2.159163475036621,0.16208606958389282,0.40115275979042053,2.1488702297210693,0.009596023708581924,0.3696852922439575,0.7423485517501831,-4.3581016484495194e-07,0.3894335627555847,0.6755727529525757,0.002656351076439023,0.42561712861061096,0.6384562849998474,0.00436372309923172,0.4535796046257019,0.6246110796928406,0.005683369934558868,0.46302884817123413,0.6171362996101379,0.00739178666844964,0.48329511284828186,0.6807490587234497,-0.00028783761081285775,0.49010029435157776,0.6646726131439209,-0.0005959278787486255,0.46962955594062805,0.6620378494262695,-0.0035018916241824627,0.4542124271392822,0.6677084565162659,-0.005534384399652481,0.4794834554195404,0.7223803400993347,-0.002707033883780241,0.4791311025619507,0.7032801508903503,0.0020071191247552633,0.46195873618125916,0.6979848742485046,0.0019573154859244823,0.4465213418006897,0.7018547058105469,-2.9000426366110332e-05,0.46693316102027893,0.7578406929969788,-0.004155843984335661,0.4646015763282776,0.7353194952011108,-0.000985985156148672,0.45116662979125977,0.7280426621437073,-1.6889716789592057e-06,0.43590205907821655,0.7297247052192688,-0.0010265819728374481,0.4513741135597229,0.7833899855613708,-0.005109313875436783,0.448906272649765,0.7627868056297302,-0.002429349347949028,0.4383857250213623,0.7545812129974365,0.001974305370822549,0.4270924925804138,0.754642903804779,0.005227472633123398
sorry,0.5329778790473938,0.3015156388282776,-0.6516832709312439,0.5551181435585022,0.2555752396583557,-0.6016960740089417,0.56910240650177,0.2595292329788208,-0.6014780402183533,0.5804868936538696,0.26377159357070923,-0.6012066602706909,0.5095779299736023,0.24844330549240112,-0.6132653951644897,0.49043551087379456,0.24735277891159058,-0.6130028963088989,0.4748351573944092,0.2471024990081787,-0.6134315133094788,0.5985140204429626,0.28897351026535034,-0.2761463224887848,0.4475797116756439,0.26948148012161255,-0.32418516278266907,0.551552951335907,0.361030638217926,-0.5303149819374084,0.494345486164093,0.3577136993408203,-0.5445480942726135,0.6753031611442566,0.5340805649757385,-0.08548229932785034,0.3338051736354828,0.5207874178886414,-0.2480158805847168,0.74882972240448,0.9048830270767212,-0.06893923878669739,0.22626733779907227,0.9049288034439087,-0.6533024907112122,0.755783200263977,1.1601852178573608,-0.39015454053878784,0.41132235527038574,0.718761682510376,-1.2679343223571777,0.7597199082374573,1.2550122737884521,-0.45490700006484985,0.47987326979637146,0.6944835186004639,-1.390731930732727,0.7428805828094482,1.2294894456863403,-0.49023041129112244,0.49178653955459595,0.6498417258262634,-1.3441764116287231,0.725399374961853,1.1985008716583252,-0.4143551290035248,0.47372356057167053,0.6518815755844116,-1.2567334175109863,0.5997511148452759,1.0397472381591797,0.014162066392600536,0.3758659362792969,1.0454144477844238,-0.011050193570554256,0.5822557210922241,1.5966837406158447,0.020086852833628654,0.3567240238189697,1.5832716226577759,0.03073607012629509,0.5660966038703918,2.020540714263916,0.4489477276802063,0.34861916303634644,2.000135898590088,0.35784825682640076,0.5689136981964111,2.08150315284729,0.4643555283546448,0.33675163984298706,2.0567197799682617,0.3759986460208893,0.5376235246658325,2.1640830039978027,0.02449420467019081,0.38011395931243896,2.1506755352020264,-0.10957697778940201,0.4224669635295868,0.7100881338119507,-4.095109602531011e-07,0.4370778799057007,0.6448400616645813,0.0059238276444375515,0.47245484590530396,0.6123979687690735,0.010042056441307068,0.5052064061164856,0.6057024002075195,0.013019813224673271,0.5177680850028992,0.6175176501274109,0.016915999352931976,0.5277296304702759,0.6383140683174133,0.006401943042874336,0.5494577884674072,0.6337247490882874,0.0095315957441926,0.5351904630661011,0.6278265714645386,0.010701761581003666,0.5184762477874756,0.6294881701469421,0.011319565586745739,0.5290491580963135,0.679701566696167,0.0032141327392309904,0.5410894155502319,0.6654931902885437,0.011152719147503376,0.5273464918136597,0.6582664251327515,0.01456362009048462,0.5127895474433899,0.6628720760345459,0.014819678850471973,0.5213605761528015,0.7156850695610046,0.0007017275784164667,0.5320426821708679,0.6967359781265259,0.005395420361310244,0.5200498700141907,0.6892436742782593,0.008206854574382305,0.5049599409103394,0.6927624940872192,0.008317970670759678,0.5109866857528687,0.7432160377502441,-0.0012168913381174207,0.5204894542694092,0.7260205745697021,0.003744810353964567,0.510696530342102,0.7185969352722168,0.00911211408674717,0.49789321422576904,0.7211939692497253,0.012511422857642174
sorry,0.5173772573471069,0.2906772494316101,-0.6705911755561829,0.542015552520752,0.24876421689987183,-0.621967613697052,0.5579588413238525,0.25207221508026123,-0.6217489838600159,0.5696586966514587,0.2560489773750305,-0.621539294719696,0.49377331137657166,0.24458163976669312,-0.6287012100219727,0.4744745194911957,0.2447177767753601,-0.6284721493721008,0.4600476622581482,0.24570751190185547,-0.6289271116256714,0.5916841626167297,0.2826700806617737,-0.3099258244037628,0.43794146180152893,0.2727246880531311,-0.3352016508579254,0.5417265892028809,0.35190868377685547,-0.5553024411201477,0.4802256226539612,0.3521294593811035,-0.5630265474319458,0.6760287880897522,0.5346991419792175,-0.12548622488975525,0.33284640312194824,0.5229775905609131,-0.2512333393096924,0.7435160875320435,0.9091535210609436,-0.0923447534441948,0.23160485923290253,0.9177029132843018,-0.6663382649421692,0.7491526007652283,1.1894474029541016,-0.35103923082351685,0.41075968742370605,0.7025704979896545,-1.2707905769348145,0.7661098837852478,1.2818259000778198,-0.406892865896225,0.4740522801876068,0.6752515435218811,-1.3932669162750244,0.7371081113815308,1.268137812614441,-0.44325241446495056,0.4847482740879059,0.6279252171516418,-1.3367676734924316,0.7185624241828918,1.2343075275421143,-0.37490028142929077,0.4702233672142029,0.6307145953178406,-1.2582719326019287,0.6033028364181519,1.0445963144302368,0.011460897512733936,0.37911900877952576,1.0548750162124634,-0.00843133870512247,0.586134135723114,1.6170812845230103,0.016285991296172142,0.3603653013706207,1.6023796796798706,0.023020710796117783,0.5704591274261475,2.047426462173462,0.4558788239955902,0.3504568338394165,2.028726100921631,0.3517153561115265,0.5732910633087158,2.1102705001831055,0.47211021184921265,0.3386782109737396,2.0886921882629395,0.3698464035987854,0.5410443544387817,2.191678047180176,0.03255070000886917,0.3806565999984741,2.178270101547241,-0.11470264196395874,0.42629769444465637,0.6898383498191833,-3.650654889497673e-07,0.4323122501373291,0.6179274916648865,0.002060701372101903,0.4602285921573639,0.5747475624084473,0.004204867873340845,0.4843008518218994,0.5707014799118042,0.00559596810489893,0.49204325675964355,0.5923280715942383,0.006722298450767994,0.5202094316482544,0.5942049026489258,0.0034943800419569016,0.5101469159126282,0.5838177800178528,0.004266453441232443,0.4933103919029236,0.5905596017837524,-6.289655630098423e-06,0.4832555055618286,0.6019113063812256,-0.0039855982176959515,0.5268040895462036,0.6339553594589233,0.0005091970670036972,0.5174656510353088,0.6178436875343323,0.005986856762319803,0.5020983219146729,0.6196594834327698,0.005485666915774345,0.4902302622795105,0.6309350728988647,0.003122997237369418,0.5225429534912109,0.670114278793335,-0.0019425326026976109,0.5155705213546753,0.6536821126937866,0.0014482152182608843,0.5025574564933777,0.6513395309448242,0.0013249152107164264,0.4911283850669861,0.659548819065094,-0.0003854883834719658,0.5124862194061279,0.6980675458908081,-0.004321529995650053,0.5057032108306885,0.6849541068077087,-0.0015200440539047122,0.49415382742881775,0.6809777617454529,0.002163197845220566,0.4846884608268738,0.6856305003166199,0.0046706292778253555
sorry,0.5330373644828796,0.29605382680892944,-0.6438474655151367,0.5591590404510498,0.25269007682800293,-0.5958876609802246,0.5735422968864441,0.25636768341064453,-0.5957342386245728,0.5872471928596497,0.26019495725631714,-0.5955249071121216,0.5114874839782715,0.24530667066574097,-0.6048797369003296,0.4921673834323883,0.24404221773147583,-0.6046247482299805,0.47697314620018005,0.24394816160202026,-0.6050631403923035,0.6053916215896606,0.28975826501846313,-0.2755599617958069,0.4503527581691742,0.26577460765838623,-0.3124954104423523,0.5524351596832275,0.36064261198043823,-0.5244685411453247,0.49278488755226135,0.35306522250175476,-0.5355716943740845,0.6760245561599731,0.5417236685752869,-0.09450981765985489,0.33406245708465576,0.5266802906990051,-0.21616248786449432,0.7430464029312134,0.914860725402832,-0.11713187396526337,0.19470855593681335,0.9058380126953125,-0.6076280474662781,0.7458403706550598,1.161345362663269,-0.46381911635398865,0.3424842953681946,0.7355450391769409,-1.2499756813049316,0.7415226697921753,1.2543312311172485,-0.536754846572876,0.4043352007865906,0.7079314589500427,-1.3756903409957886,0.7226758003234863,1.2224148511886597,-0.5643351674079895,0.4124451279640198,0.6603344082832336,-1.3332195281982422,0.7091411352157593,1.1927552223205566,-0.48549214005470276,0.40364986658096313,0.6656474471092224,-1.2429829835891724,0.6022805571556091,1.0578685998916626,0.006744554731994867,0.357748806476593,1.1377848386764526,-0.0036980421282351017,0.5778967142105103,1.6155370473861694,0.07017078995704651,0.3484518527984619,1.604384183883667,0.0578567311167717,0.5599556565284729,2.033973217010498,0.5296030640602112,0.340931236743927,2.009922981262207,0.4137033522129059,0.5632606148719788,2.0947258472442627,0.5486320853233337,0.33042746782302856,2.0647761821746826,0.43690046668052673,0.5282918214797974,2.178776502609253,0.11648859828710556,0.372869610786438,2.16131854057312,-0.04316932335495949,0.35019218921661377,0.7055603265762329,-3.3835385693237185e-07,0.3693093955516815,0.645252525806427,0.0043043713085353374,0.40438568592071533,0.6217374205589294,0.0059099355712533,0.4381900131702423,0.6239127516746521,0.006373217329382896,0.45652133226394653,0.6300185322761536,0.008321882225573063,0.45546650886535645,0.6325322985649109,0.003237381111830473,0.48006919026374817,0.6506946682929993,0.005097541958093643,0.46848157048225403,0.6587437391281128,0.006453515030443668,0.4530266225337982,0.6581876873970032,0.007287883199751377,0.4589826166629791,0.6723756790161133,-0.0007270500063896179,0.4738670587539673,0.6866863965988159,0.0064776125364005566,0.4610556364059448,0.6886105537414551,0.00905216671526432,0.4453721344470978,0.6870228052139282,0.008453971706330776,0.45500126481056213,0.7092615365982056,-0.004035862162709236,0.4673639237880707,0.7176447510719299,0.002206584671512246,0.4566667377948761,0.717846155166626,0.005941201001405716,0.44079655408859253,0.7159836292266846,0.0058177560567855835,0.4472520053386688,0.7395161390304565,-0.007426746655255556,0.458910197019577,0.7436882853507996,-0.0009381680283695459,0.4492756724357605,0.7422546744346619,0.005470460746437311,0.43536069989204407,0.7398092746734619,0.009329192340373993
sorry,0.5218563079833984,0.2989899516105652,-0.5244729518890381,0.5456546545028687,0.2572396993637085,-0.4778938293457031,0.5614898204803467,0.26011836528778076,-0.4777449667453766,0.5722441077232361,0.2634257674217224,-0.4774681031703949,0.4969637989997864,0.24951253831386566,-0.48652762174606323,0.4765873849391937,0.24801093339920044,-0.48629266023635864,0.46213722229003906,0.24793881177902222,-0.4867766499519348,0.5916646122932434,0.28605949878692627,-0.184614360332489,0.4404725134372711,0.271933913230896,-0.21812453866004944,0.5449449419975281,0.3574570417404175,-0.4146670699119568,0.484292209148407,0.354902446269989,-0.4248182773590088,0.6768242716789246,0.5316966772079468,-0.009056459181010723,0.3340299725532532,0.5246817469596863,-0.14399726688861847,0.7489222288131714,0.9092566967010498,-0.040135305374860764,0.24180647730827332,0.9173643589019775,-0.46987390518188477,0.7366591095924377,1.1445846557617188,-0.4014798104763031,0.4272027015686035,0.7181732654571533,-0.9806302785873413,0.7491401433944702,1.226141333580017,-0.4733418822288513,0.496019184589386,0.692893385887146,-1.0891727209091187,0.719767689704895,1.2041285037994385,-0.5048145651817322,0.5041565895080566,0.6460403800010681,-1.0381081104278564,0.7022073268890381,1.1755435466766357,-0.42665743827819824,0.48551249504089355,0.6509038805961609,-0.9670833349227905,0.6062933206558228,1.0461410284042358,0.0267467238008976,0.38222265243530273,1.0529038906097412,-0.023264428600668907,0.5836832523345947,1.6081587076187134,-0.08486994355916977,0.3572290539741516,1.591536045074463,-0.1131385937333107,0.5682457089424133,2.046445846557617,0.24079248309135437,0.3431869447231293,2.0216684341430664,0.03678693249821663,0.5720434784889221,2.1091060638427734,0.24701091647148132,0.33127015829086304,2.0804646015167236,0.03466692194342613,0.535091757774353,2.190911293029785,-0.181136816740036,0.37155672907829285,2.175380229949951,-0.4314202666282654,0.43830233812332153,0.681686520576477,-3.2721149523240456e-07,0.45690420269966125,0.6269526481628418,0.010433357208967209,0.4907893240451813,0.5980437397956848,0.013569395989179611,0.5205219984054565,0.5917302370071411,0.013950968161225319,0.5345829725265503,0.5926092863082886,0.015413688495755196,0.5455194711685181,0.5963428616523743,0.008817223832011223,0.5708260536193848,0.6244369149208069,0.009547053836286068,0.5618759393692017,0.6409646272659302,0.009582698345184326,0.5470390915870667,0.6436780095100403,0.00952949933707714,0.5537073612213135,0.634303629398346,0.000766158162150532,0.5735686421394348,0.6621227264404297,0.007199717219918966,0.5628287196159363,0.6727623343467712,0.009537851437926292,0.5469710826873779,0.6720068454742432,0.009112360887229443,0.5539448261260986,0.6720089316368103,-0.006490655243396759,0.5671539902687073,0.6936363577842712,0.001222892664372921,0.5559403896331787,0.6995333433151245,0.005587653256952763,0.5404764413833618,0.6956497430801392,0.005476022604852915,0.5479512810707092,0.7052754163742065,-0.013758190907537937,0.5531194806098938,0.7205761075019836,-0.0058927577920258045,0.5417983531951904,0.7223234176635742,0.0003295773349236697,0.5275195240974426,0.7167972326278687,0.003727008355781436
sorry,0.529895544052124,0.30054473876953125,-0.6688833832740784,0.5551208257675171,0.25961172580718994,-0.62408047914505,0.5696621537208557,0.26234471797943115,-0.6239203810691833,0.5835553407669067,0.2650856375694275,-0.6237751841545105,0.507117748260498,0.25162720680236816,-0.6321493983268738,0.4876484274864197,0.25010210275650024,-0.6319041848182678,0.4723941385746002,0.250529408454895,-0.6322947144508362,0.6007986068725586,0.2902650833129883,-0.31605255603790283,0.4468455910682678,0.26813480257987976,-0.3468092679977417,0.5499308109283447,0.3620590567588806,-0.5538058280944824,0.49064236879348755,0.3580916225910187,-0.5629568696022034,0.6770989894866943,0.538707435131073,-0.14268504083156586,0.3334769010543823,0.5210530161857605,-0.23762543499469757,0.7417846918106079,0.9172764420509338,-0.13796930015087128,0.21612000465393066,0.9158421158790588,-0.6003941297531128,0.7519263625144958,1.1746838092803955,-0.4690607488155365,0.37030017375946045,0.7191537022590637,-1.220713496208191,0.7638810873031616,1.2647489309310913,-0.541542112827301,0.4279249608516693,0.6876085996627808,-1.341172695159912,0.7346763610839844,1.2433416843414307,-0.5767790079116821,0.4363527297973633,0.6401682496070862,-1.3006303310394287,0.7186105251312256,1.209755301475525,-0.49335622787475586,0.4259806275367737,0.6462413668632507,-1.2135982513427734,0.5957969427108765,1.0463627576828003,0.0069436440244317055,0.3767927885055542,1.042198657989502,-0.004074676427990198,0.5776311159133911,1.5870459079742432,0.07646801322698593,0.35222363471984863,1.575003981590271,0.08153306692838669,0.5616371631622314,1.9938750267028809,0.5521672368049622,0.34699785709381104,1.970956802368164,0.46077078580856323,0.5654401779174805,2.0520927906036377,0.5737358331680298,0.33636629581451416,2.0246987342834473,0.486184686422348,0.5310536026954651,2.138862133026123,0.15503597259521484,0.379721462726593,2.1215481758117676,0.020063335075974464,0.3711245656013489,0.6967366337776184,-3.4063123166561127e-07,0.3817436099052429,0.6272446513175964,0.003252604277804494,0.41514530777931213,0.5940465331077576,0.004573551006615162,0.4465254545211792,0.5987823605537415,0.004668503999710083,0.4591813385486603,0.6200705170631409,0.0050210971385240555,0.46931353211402893,0.6114466786384583,0.0013842802727594972,0.48164102435112,0.6120379567146301,0.00034529954427853227,0.46610209345817566,0.617817759513855,-0.0023125233128666878,0.4530479907989502,0.6241095662117004,-0.004638055805116892,0.47624263167381287,0.6528525948524475,-0.002950419904664159,0.4914475977420807,0.6464172601699829,0.000613900541793555,0.47736871242523193,0.6469371914863586,0.0017384978709742427,0.46185752749443054,0.6528144478797913,0.001256608753465116,0.47415584325790405,0.6909292936325073,-0.006750166416168213,0.47940191626548767,0.6835969686508179,-0.003094978164881468,0.4662265181541443,0.6821261644363403,-0.0003580129996407777,0.4516788125038147,0.6847922801971436,-0.00020172078802715987,0.46580591797828674,0.7223072052001953,-0.010742710903286934,0.4664154350757599,0.7177283763885498,-0.0056453971192240715,0.45442909002304077,0.7138783931732178,3.162809298373759e-05,0.4422523081302643,0.7134759426116943,0.003581057069823146
sorry,0.5324262976646423,0.29828131198883057,-0.6576486825942993,0.5554198026657104,0.25384920835494995,-0.6086256504058838,0.5699416995048523,0.25805556774139404,-0.6084281802177429,0.58083176612854,0.2624606490135193,-0.6081216931343079,0.5088171362876892,0.2435895800590515,-0.6215081214904785,0.4899752140045166,0.24140773713588715,-0.6212952733039856,0.47411149740219116,0.24081169068813324,-0.6218199729919434,0.5996727347373962,0.28663569688796997,-0.28618916869163513,0.44769448041915894,0.2630903124809265,-0.34169259667396545,0.5524893999099731,0.3573188781738281,-0.5355959534645081,0.4943968653678894,0.35355764627456665,-0.5516567826271057,0.6783232688903809,0.5380800366401672,-0.07689079642295837,0.33231252431869507,0.5278919339179993,-0.26378318667411804,0.7445220351219177,0.9125217795372009,-0.09067349880933762,0.22510644793510437,0.9197462797164917,-0.6217469573020935,0.7356770634651184,1.1661267280578613,-0.4673246443271637,0.43641096353530884,0.7541446089744568,-1.1297619342803955,0.74382483959198,1.2752691507339478,-0.543472945690155,0.5123563408851624,0.730704128742218,-1.239642858505249,0.7172895669937134,1.2289429903030396,-0.5744925141334534,0.5169801712036133,0.6816006898880005,-1.1864217519760132,0.7002939581871033,1.1982582807540894,-0.4914241433143616,0.4975697994232178,0.6855638027191162,-1.111856460571289,0.5999350547790527,1.0668617486953735,0.034509748220443726,0.35243773460388184,1.1367567777633667,-0.031293436884880066,0.577385663986206,1.6362055540084839,-0.0439734049141407,0.35098057985305786,1.612630009651184,-0.10266409814357758,0.5583791136741638,2.071171522140503,0.3377535939216614,0.335629403591156,2.0433177947998047,0.1142205223441124,0.5606671571731567,2.1338229179382324,0.348793625831604,0.32193005084991455,2.1051552295684814,0.11923404783010483,0.5258418321609497,2.2156450748443604,-0.0840795636177063,0.35981813073158264,2.1889665126800537,-0.35836952924728394,0.44939541816711426,0.7390260696411133,-3.941548243346915e-07,0.4682285785675049,0.6732645630836487,0.007731747347861528,0.5017966032028198,0.640997052192688,0.010964654386043549,0.5352412462234497,0.6318321824073792,0.01285602804273367,0.5508607029914856,0.6359739303588867,0.015817642211914062,0.5489168763160706,0.6660608649253845,0.0024985657073557377,0.5803161859512329,0.6630285978317261,0.005199593026190996,0.5658581256866455,0.6607533693313599,0.007585372310131788,0.5471075177192688,0.6636956930160522,0.009433798491954803,0.5520768761634827,0.7084012627601624,-0.0013208905002102256,0.5714513063430786,0.6980105042457581,0.008139324374496937,0.5580503344535828,0.692954957485199,0.013372859917581081,0.5421948432922363,0.6980218887329102,0.014004183933138847,0.5475381016731262,0.7456884384155273,-0.003944810479879379,0.5612833499908447,0.7318664789199829,0.004229568876326084,0.5504230856895447,0.7269840836524963,0.009444793686270714,0.5346552729606628,0.7309016585350037,0.009601730853319168,0.5400856137275696,0.7753115892410278,-0.005983257200568914,0.5497500896453857,0.7623223066329956,0.0016526136314496398,0.5407017469406128,0.7575712203979492,0.008608178235590458,0.5281992554664612,0.7603591084480286,0.012289142236113548
sorry,0.5311055183410645,0.29441577196121216,-0.6958786845207214,0.5549488663673401,0.25173497200012207,-0.6423856616020203,0.5691705942153931,0.2560078501701355,-0.6422371864318848,0.5810026526451111,0.2605237364768982,-0.6420558094978333,0.5070433616638184,0.24439328908920288,-0.6570203304290771,0.48731622099876404,0.24363088607788086,-0.6568861603736877,0.471966415643692,0.24398551881313324,-0.657376766204834,0.5995519161224365,0.28826433420181274,-0.3054768443107605,0.44541221857070923,0.27012717723846436,-0.36598846316337585,0.5525195002555847,0.35625961422920227,-0.5716512203216553,0.49121183156967163,0.3524699807167053,-0.5895007848739624,0.6752285957336426,0.5354397892951965,-0.10863561928272247,0.33223164081573486,0.517777681350708,-0.2897239029407501,0.7482389211654663,0.904768705368042,-0.09655490517616272,0.23462888598442078,0.9177690148353577,-0.710767924785614,0.7448303699493408,1.1591260433197021,-0.4072335362434387,0.3976178467273712,0.6811933517456055,-1.3179675340652466,0.7567859888076782,1.2455058097839355,-0.46775707602500916,0.4581131339073181,0.6504854559898376,-1.4446659088134766,0.7293562889099121,1.2260807752609253,-0.5007861852645874,0.4648699164390564,0.6012434363365173,-1.3897733688354492,0.7123669385910034,1.195138692855835,-0.43131232261657715,0.45346570014953613,0.6086676120758057,-1.3058172464370728,0.5994083881378174,1.0425300598144531,0.019074054434895515,0.37528884410858154,1.0487265586853027,-0.01636030152440071,0.5732113122940063,1.6048110723495483,0.05761074274778366,0.34664037823677063,1.5904513597488403,0.01248121913522482,0.5558931827545166,2.0358781814575195,0.5144726037979126,0.3373118042945862,2.0116751194000244,0.35051029920578003,0.5587243437767029,2.0976223945617676,0.5327803492546082,0.3264545798301697,2.066953659057617,0.3697763681411743,0.5268574357032776,2.1785330772399902,0.09418203681707382,0.36813509464263916,2.163137197494507,-0.12438912689685822,0.4123103618621826,0.6597984433174133,-4.0145013713299704e-07,0.42102178931236267,0.5995138883590698,0.010091831907629967,0.4502323567867279,0.5631425976753235,0.016985906288027763,0.4745349586009979,0.5498865842819214,0.02208140306174755,0.4809142053127289,0.5514691472053528,0.027666611596941948,0.5016406178474426,0.5704857707023621,0.010552184656262398,0.5239532589912415,0.5710813999176025,0.01598879136145115,0.5117852091789246,0.5742968320846558,0.018787290900945663,0.4965614974498749,0.5787314176559448,0.020058313384652138,0.509515643119812,0.6070268750190735,0.005775855854153633,0.5215440988540649,0.6024956107139587,0.016849786043167114,0.5092533826828003,0.6030723452568054,0.021599050611257553,0.4957025349140167,0.6086379289627075,0.021941328421235085,0.5092950463294983,0.6423407793045044,0.002004242269322276,0.5186755061149597,0.6321879029273987,0.01086262334138155,0.5078144073486328,0.6314190030097961,0.0144861601293087,0.49397748708724976,0.6364954710006714,0.013772586360573769,0.505016565322876,0.6721580624580383,-0.001116456463932991,0.5105138421058655,0.660767674446106,0.005897441413253546,0.5010709166526794,0.6588855385780334,0.011008054949343204,0.4889387786388397,0.6628386974334717,0.013411277905106544
sorry,0.5329257249832153,0.293165385723114,-0.6431276202201843,0.5547260642051697,0.24903088808059692,-0.5916627049446106,0.5690346360206604,0.25336217880249023,-0.5914264917373657,0.5804043412208557,0.2579982280731201,-0.591091513633728,0.5075797438621521,0.24196630716323853,-0.6038174629211426,0.4881894588470459,0.24102605879306793,-0.6035536527633667,0.47263747453689575,0.24101018905639648,-0.6040250062942505,0.5993999242782593,0.2842840552330017,-0.2687378525733948,0.446571409702301,0.26392799615859985,-0.32139453291893005,0.553943395614624,0.35348355770111084,-0.5227909088134766,0.49555903673171997,0.3505863547325134,-0.5382782816886902,0.6758161187171936,0.5365860462188721,-0.06755897402763367,0.3346932530403137,0.5252431035041809,-0.24623802304267883,0.7478300333023071,0.9014769792556763,-0.0639636367559433,0.22513017058372498,0.9130314588546753,-0.6132186651229858,0.7506022453308105,1.1417356729507446,-0.40920791029930115,0.43223342299461365,0.7361829876899719,-1.1480987071990967,0.7501736879348755,1.2310763597488403,-0.47905415296554565,0.5054927468299866,0.7172960638999939,-1.2636240720748901,0.7372727394104004,1.2001713514328003,-0.5105998516082764,0.5115522742271423,0.6685883402824402,-1.2104108333587646,0.7194616794586182,1.172160029411316,-0.43350163102149963,0.4921756386756897,0.6704357862472534,-1.1326254606246948,0.6035721302032471,1.0465091466903687,0.02457902394235134,0.3602561354637146,1.1240695714950562,-0.021273374557495117,0.5868905186653137,1.6110591888427734,0.0010294914245605469,0.3573978841304779,1.5955380201339722,-0.05451850965619087,0.576549232006073,2.0384654998779297,0.4227190911769867,0.35255634784698486,2.017076253890991,0.20267900824546814,0.5805162787437439,2.1003806591033936,0.4375617504119873,0.3407398760318756,2.075317859649658,0.2123686820268631,0.5472404956817627,2.1809751987457275,-0.0005425380077213049,0.38326096534729004,2.1641318798065186,-0.2727333605289459,0.43592169880867004,0.7212364077568054,-3.2643362146700383e-07,0.4599932134151459,0.6599641442298889,0.010543459095060825,0.495894193649292,0.6287614703178406,0.015095235779881477,0.5267156362533569,0.6202023029327393,0.017856277525424957,0.5407284498214722,0.6255123615264893,0.021439868956804276,0.5399454832077026,0.648815393447876,0.0018893812084570527,0.5771067142486572,0.6597789525985718,0.005536749958992004,0.5740838646888733,0.6740658283233643,0.010176117531955242,0.5618758201599121,0.682388424873352,0.013763148337602615,0.5434150099754333,0.6901184320449829,-0.002930225571617484,0.5630881786346436,0.6942078471183777,0.006691451650112867,0.551304042339325,0.6946611404418945,0.012740937992930412,0.5351142883300781,0.6948937177658081,0.014037657529115677,0.5389209389686584,0.7288393378257751,-0.0060332827270030975,0.5532146692276001,0.7237613797187805,0.003531631315127015,0.5426156520843506,0.7232240438461304,0.009351411834359169,0.5263570547103882,0.7241480350494385,0.00968062225729227,0.5315914154052734,0.7611093521118164,-0.008392855525016785,0.545670211315155,0.7536859512329102,0.0003999098262283951,0.5364558100700378,0.750674307346344,0.00812236126512289,0.5217245221138,0.749873161315918,0.01239668671041727
sorry,0.5372589230537415,0.29276931285858154,-0.621766209602356,0.5636410713195801,0.252388596534729,-0.5733870267868042,0.5778586268424988,0.25574958324432373,-0.5732730031013489,0.5923817753791809,0.2597085237503052,-0.5731363296508789,0.514468789100647,0.2436193823814392,-0.5805514454841614,0.4949144721031189,0.24235105514526367,-0.5802604556083679,0.47961097955703735,0.24268358945846558,-0.5806670188903809,0.6069942712783813,0.28896385431289673,-0.25919413566589355,0.4525156617164612,0.264656126499176,-0.28435349464416504,0.5564862489700317,0.3570284843444824,-0.5058978796005249,0.49539583921432495,0.349886417388916,-0.5140044689178467,0.6788579225540161,0.5436015725135803,-0.10083846002817154,0.33535927534103394,0.5226789116859436,-0.1884027123451233,0.7437210083007812,0.9317854642868042,-0.10874742269515991,0.20294137299060822,0.9150782227516174,-0.5805847644805908,0.7643486857414246,1.2001512050628662,-0.43275827169418335,0.35905349254608154,0.7086300253868103,-1.2270816564559937,0.7781331539154053,1.294867753982544,-0.5075191855430603,0.4216029644012451,0.6786307096481323,-1.355129361152649,0.7469522953033447,1.2729753255844116,-0.5450873970985413,0.42924824357032776,0.6349310278892517,-1.3103039264678955,0.7305408120155334,1.2390882968902588,-0.4589000344276428,0.42014116048812866,0.6419381499290466,-1.2205873727798462,0.5981438159942627,1.1473804712295532,0.002040694933384657,0.35831671953201294,1.1356247663497925,0.000997832976281643,0.5873985290527344,1.610707402229309,0.07491488754749298,0.36179840564727783,1.6024715900421143,0.07681744545698166,0.5741446018218994,2.0248308181762695,0.5625644326210022,0.35973334312438965,2.004586696624756,0.44303831458091736,0.5785260200500488,2.0837652683258057,0.5839054584503174,0.3500862121582031,2.058645248413086,0.46780887246131897,0.5422557592391968,2.1726760864257812,0.14888432621955872,0.3915356993675232,2.157747983932495,-0.013135619461536407,0.3591693043708801,0.6843591332435608,-3.695147654525499e-07,0.3816162645816803,0.6286341547966003,0.011929322965443134,0.41810041666030884,0.5999663472175598,0.018295317888259888,0.44586965441703796,0.589975118637085,0.022401608526706696,0.4557569921016693,0.5888407230377197,0.027413761243224144,0.4651229977607727,0.6134934425354004,0.008592351339757442,0.49573037028312683,0.6295781135559082,0.012397635728120804,0.48511168360710144,0.635177493095398,0.015635846182703972,0.46884220838546753,0.6341193914413452,0.01798221841454506,0.46721500158309937,0.652387797832489,0.002492340514436364,0.4876916706562042,0.6650410890579224,0.011822653003036976,0.47542181611061096,0.6660251617431641,0.01652568206191063,0.4588787257671356,0.6637990474700928,0.017192235216498375,0.462604820728302,0.6891870498657227,-0.0023375065065920353,0.4770093560218811,0.6969334483146667,0.007708000019192696,0.46607744693756104,0.696625292301178,0.01280970685184002,0.4502027928829193,0.6937503218650818,0.012597736902534962,0.4545978903770447,0.7187070846557617,-0.006636124569922686,0.46421900391578674,0.7256704568862915,0.0029216930270195007,0.45475783944129944,0.7229211926460266,0.009305644780397415,0.44126036763191223,0.7187662124633789,0.012124179862439632
sorry,0.5305721163749695,0.2932868003845215,-0.7771769762039185,0.554504930973053,0.2502715587615967,-0.7266433835029602,0.5694920420646667,0.25457102060317993,-0.7264083027839661,0.5800236463546753,0.25922656059265137,-0.7261372804641724,0.5072845816612244,0.2406945824623108,-0.738472044467926,0.48830991983413696,0.23903495073318481,-0.7383098602294922,0.4733850061893463,0.23871959745883942,-0.7387895584106445,0.5983514785766602,0.28503650426864624,-0.38222432136535645,0.44894152879714966,0.26215696334838867,-0.4339263439178467,0.5512380599975586,0.35251209139823914,-0.648347020149231,0.4924810528755188,0.3483094573020935,-0.6631189584732056,0.6773363351821899,0.5350557565689087,-0.15383537113666534,0.336745023727417,0.518913984298706,-0.33737704157829285,0.7479355335235596,0.9046826958656311,-0.13561594486236572,0.22898593544960022,0.8975282311439514,-0.7437484264373779,0.7289175987243652,1.1615768671035767,-0.4489526152610779,0.425284206867218,0.7122521996498108,-1.3255168199539185,0.7347750663757324,1.2475779056549072,-0.5126843452453613,0.4931813180446625,0.6953990459442139,-1.4469035863876343,0.708600640296936,1.2272557020187378,-0.5424468517303467,0.5029535889625549,0.6504573225975037,-1.3954888582229614,0.6940975785255432,1.196494460105896,-0.4702070355415344,0.48544493317604065,0.6532766222953796,-1.3115525245666504,0.6041355729103088,1.0476912260055542,0.021036211401224136,0.3803548216819763,1.0544573068618774,-0.018404705449938774,0.585664689540863,1.6180355548858643,0.05415286496281624,0.3618970513343811,1.6049001216888428,0.005792560987174511,0.5673795342445374,2.050367832183838,0.5256620645523071,0.34984278678894043,2.0334951877593994,0.34549251198768616,0.5697413086891174,2.11177396774292,0.5452789664268494,0.3379584550857544,2.092770576477051,0.36447760462760925,0.5393642783164978,2.193817377090454,0.10475518554449081,0.3745836615562439,2.17730975151062,-0.13191375136375427,0.43092069029808044,0.6885009407997131,-2.845627307124232e-07,0.44727814197540283,0.6296225190162659,0.007950742729008198,0.4827559292316437,0.6025017499923706,0.01193279679864645,0.5141716003417969,0.5933306217193604,0.01395594235509634,0.529106080532074,0.5900843143463135,0.017345689237117767,0.5383050441741943,0.6121270656585693,0.007991241291165352,0.5652345418930054,0.6264757513999939,0.00823710672557354,0.5535907745361328,0.6353839039802551,0.008558549918234348,0.5384747385978699,0.6383937001228333,0.009318668395280838,0.542604386806488,0.6517136096954346,0.0017526462906971574,0.5747717022895813,0.6645748019218445,0.0054319133050739765,0.5649024844169617,0.6713923215866089,0.008128829300403595,0.5492933392524719,0.6751090288162231,0.009869296103715897,0.5385957956314087,0.689189612865448,-0.0038981863763183355,0.5586614608764648,0.6986588835716248,0.0010991854360327125,0.5470385551452637,0.7011358141899109,0.006065146066248417,0.53189617395401,0.6991493701934814,0.008225060999393463,0.5289567708969116,0.720556914806366,-0.009454816579818726,0.5425215363502502,0.7255164384841919,-0.0023848977871239185,0.5331591367721558,0.7244598865509033,0.004927370697259903,0.5199717283248901,0.7207677364349365,0.009770301170647144
sorry,0.5312471985816956,0.29153114557266235,-0.5907332897186279,0.5571234226226807,0.2502468228340149,-0.5398275256156921,0.5716655254364014,0.2536296844482422,-0.539663553237915,0.5846193432807922,0.2568542957305908,-0.5395331978797913,0.5089364051818848,0.2438909411430359,-0.5501616597175598,0.48928743600845337,0.24311576783657074,-0.5499160885810852,0.473975270986557,0.24359017610549927,-0.550343930721283,0.6022435426712036,0.28661012649536133,-0.22216220200061798,0.4477674067020416,0.2664579749107361,-0.2630036771297455,0.5519156455993652,0.35695070028305054,-0.4742230474948883,0.49076491594314575,0.35117775201797485,-0.48643574118614197,0.6767972707748413,0.5381795167922974,-0.05876750499010086,0.3333417773246765,0.523685097694397,-0.19319462776184082,0.7461241483688354,0.9081325531005859,-0.07893466204404831,0.21287748217582703,0.9115638732910156,-0.6148878335952759,0.7465734481811523,1.1615325212478638,-0.4075345993041992,0.37868520617485046,0.6994744539260864,-1.2446497678756714,0.756774365901947,1.2508167028427124,-0.4781005382537842,0.4365634024143219,0.6715351343154907,-1.3696645498275757,0.7266801595687866,1.2288854122161865,-0.5075482726097107,0.4467012882232666,0.6284559369087219,-1.3202589750289917,0.7118883728981018,1.197623610496521,-0.4305592477321625,0.43667277693748474,0.6349721550941467,-1.2354766130447388,0.6046414971351624,1.0404679775238037,0.012384249828755856,0.3815258741378784,1.047098159790039,-0.009197348728775978,0.5847403407096863,1.601722002029419,0.04577858746051788,0.3579517602920532,1.5906453132629395,0.0421830452978611,0.5658223628997803,2.020965576171875,0.4855685234069824,0.3471907377243042,1.9995014667510986,0.38173630833625793,0.5690715909004211,2.0812907218933105,0.5024166107177734,0.3350675702095032,2.0549051761627197,0.40287598967552185,0.5355992913246155,2.164130210876465,0.07408487796783447,0.3808876872062683,2.1507582664489746,-0.07541893422603607,0.3815813958644867,0.682883083820343,-4.040994099341333e-07,0.3963194489479065,0.6144509315490723,0.004366198554635048,0.4317321479320526,0.5802865624427795,0.006929418072104454,0.4595361351966858,0.5770535469055176,0.008728093467652798,0.46667617559432983,0.5934724807739258,0.010593434795737267,0.48572561144828796,0.6007587313652039,0.00043365193414501846,0.49108031392097473,0.5960473418235779,0.0025905841030180454,0.4728637635707855,0.5994315147399902,0.0023542495910078287,0.4608825147151947,0.6064192056655884,0.0008261435432359576,0.4895849823951721,0.6437422633171082,-0.0036771816667169333,0.4977036714553833,0.632262647151947,0.0008069400792010128,0.4813525080680847,0.6307421326637268,0.0034157417248934507,0.4653013050556183,0.637320339679718,0.003828709712252021,0.48451927304267883,0.6821909546852112,-0.006629017647355795,0.48793405294418335,0.6673702001571655,-0.0025918888859450817,0.4739167392253876,0.6638346910476685,0.0007182206027209759,0.45964372158050537,0.6674403548240662,0.0010999087244272232,0.4745955765247345,0.7120499610900879,-0.009396416135132313,0.4734879732131958,0.6992558240890503,-0.005597878713160753,0.4620710015296936,0.6947495937347412,-0.0007141406531445682,0.45110663771629333,0.6964746117591858,0.002270425669848919
sorry,0.5417574644088745,0.3007053732872009,-0.642081081867218,0.5660971403121948,0.26001304388046265,-0.5928232669830322,0.5779807567596436,0.26429617404937744,-0.5925731658935547,0.5895587801933289,0.2684735655784607,-0.592318058013916,0.5217716693878174,0.24715924263000488,-0.6072989702224731,0.5027739405632019,0.2436772733926773,-0.6070106625556946,0.48609066009521484,0.2416631132364273,-0.6074448823928833,0.6041364073753357,0.2911396622657776,-0.2632489502429962,0.4563261866569519,0.2592911720275879,-0.32523155212402344,0.5574820637702942,0.35838109254837036,-0.5184388160705566,0.502473771572113,0.35111624002456665,-0.5361586809158325,0.6753233671188354,0.5350058674812317,-0.048319343477487564,0.33220961689949036,0.5182096362113953,-0.2582966983318329,0.7431844472885132,0.9018099308013916,-0.011240482330322266,0.2114245444536209,0.8954218626022339,-0.6319050788879395,0.7374343276023865,1.1282482147216797,-0.35221120715141296,0.3873360753059387,0.7551326751708984,-1.2361948490142822,0.7611960172653198,1.2448605298995972,-0.4223836064338684,0.45830482244491577,0.7381653189659119,-1.358086347579956,0.742756724357605,1.2157267332077026,-0.4631527066230774,0.4694609045982361,0.691990077495575,-1.3273882865905762,0.725684404373169,1.1861701011657715,-0.379467248916626,0.4525609016418457,0.6910336017608643,-1.229998230934143,0.5945332646369934,1.051439881324768,0.028800610452890396,0.3676629960536957,1.0555524826049805,-0.025974804535508156,0.5739059448242188,1.613762617111206,0.06651469320058823,0.348201185464859,1.599067211151123,0.022085655480623245,0.5500285029411316,2.05037784576416,0.5035852789878845,0.329326331615448,2.0272765159606934,0.3777124285697937,0.550211489200592,2.1130120754241943,0.5191265344619751,0.31551188230514526,2.0868067741394043,0.39943763613700867,0.5231716632843018,2.1930577754974365,0.07944568991661072,0.3567492365837097,2.1714820861816406,-0.0996968150138855,0.3931075632572174,0.7356324791908264,-4.119841889860254e-07,0.422703355550766,0.6734743118286133,0.007803461514413357,0.46221259236335754,0.6505169868469238,0.011055456474423409,0.49438875913619995,0.6454969048500061,0.01306692510843277,0.5073521137237549,0.6514872312545776,0.015979042276740074,0.5091747045516968,0.6818747520446777,0.0033031359780579805,0.5298891663551331,0.6841840147972107,0.007248298730701208,0.5132476687431335,0.6800772547721863,0.009952162392437458,0.4957943260669708,0.6797786355018616,0.011421117931604385,0.5063120722770691,0.7253996133804321,-0.001000107266008854,0.5230890512466431,0.7209217548370361,0.008155014365911484,0.5090710520744324,0.7132719159126282,0.0129158990457654,0.4919751286506653,0.7137599587440491,0.013535740785300732,0.4956507384777069,0.7633786201477051,-0.003864410100504756,0.509712278842926,0.7525947690010071,0.004507776349782944,0.4971984922885895,0.7443870902061462,0.009870636276900768,0.4806206524372101,0.7431564331054688,0.010157967917621136,0.48220008611679077,0.7925098538398743,-0.006159242242574692,0.49162763357162476,0.7803555727005005,0.0017419148935005069,0.48121893405914307,0.7714688777923584,0.008873295970261097,0.46768805384635925,0.7688174247741699,0.012669509276747704
sorry,0.5315990447998047,0.2950270473957062,-0.6991215944290161,0.5550361275672913,0.25441157817840576,-0.6499361395835876,0.5691428184509277,0.2593455910682678,-0.6497306823730469,0.5806639790534973,0.2640939950942993,-0.649405837059021,0.5073750615119934,0.2419142723083496,-0.6641656160354614,0.4880724549293518,0.23938614130020142,-0.6639452576637268,0.4724729657173157,0.23829632997512817,-0.6644046306610107,0.5989249348640442,0.2891680896282196,-0.32530292868614197,0.44650712609291077,0.2606651186943054,-0.38708943128585815,0.55169278383255,0.3555290997028351,-0.576858639717102,0.49250394105911255,0.3488268256187439,-0.5949903130531311,0.6742206811904907,0.5304625034332275,-0.11494722217321396,0.3326980471611023,0.524145781993866,-0.2919723391532898,0.7466993927955627,0.9000314474105835,-0.13071013987064362,0.24117138981819153,0.9224011898040771,-0.6524125337600708,0.7288987040519714,1.1116777658462524,-0.49199777841567993,0.42774567008018494,0.7170484066009521,-1.1863213777542114,0.7355554699897766,1.1874587535858154,-0.558077335357666,0.4960750639438629,0.6897401213645935,-1.2990185022354126,0.7095388770103455,1.161034345626831,-0.5844415426254272,0.5036091804504395,0.6447390913963318,-1.241526484489441,0.6944206953048706,1.135438323020935,-0.5137260556221008,0.4872668385505676,0.6507589817047119,-1.1696321964263916,0.6026170253753662,1.037827491760254,0.028323080390691757,0.3789554238319397,1.0463056564331055,-0.025031426921486855,0.5798231363296509,1.600820541381836,-0.03723601996898651,0.3514419198036194,1.5871376991271973,-0.08796896785497665,0.5644711852073669,2.031024932861328,0.34238532185554504,0.3431021571159363,2.0115160942077637,0.11684904247522354,0.5677989721298218,2.0930025577545166,0.3540060222148895,0.3320316672325134,2.069462299346924,0.120113804936409,0.5352805852890015,2.172593593597412,-0.07989870011806488,0.3703051209449768,2.1581661701202393,-0.360897958278656,0.44094642996788025,0.675208330154419,-3.5202504022890935e-07,0.4640437960624695,0.6152136325836182,0.008407831192016602,0.4996103048324585,0.5843867659568787,0.011157805100083351,0.5262635350227356,0.5841711163520813,0.011428127996623516,0.5366220474243164,0.6015392541885376,0.012085211463272572,0.5476140975952148,0.5956829190254211,0.00708178011700511,0.5644715428352356,0.6178770661354065,0.007049318868666887,0.5508508682250977,0.6287104487419128,0.005384816322475672,0.5361122488975525,0.6275864839553833,0.0037094319704920053,0.5535361766815186,0.6340347528457642,-9.960916213458404e-05,0.5686349272727966,0.6553210616111755,0.004523076582700014,0.5543367862701416,0.6596070528030396,0.005303337704390287,0.5374638438224792,0.6554892659187317,0.00420620571821928,0.551810622215271,0.6720569729804993,-0.0064245262183249,0.5650337338447571,0.6873964667320251,-0.001268518390133977,0.5511661767959595,0.6889622807502747,0.0024443152360618114,0.53459632396698,0.6834297180175781,0.0027752122841775417,0.5430919528007507,0.7043519616127014,-0.012606237083673477,0.549532949924469,0.7144384980201721,-0.006724855862557888,0.5362167954444885,0.7139092683792114,-6.611843127757311e-05,0.5215947031974792,0.7084354162216187,0.004092862363904715
sorry,0.5331578254699707,0.28138118982315063,-0.6738710999488831,0.5569238066673279,0.2426050752401352,-0.6220303773880005,0.571027398109436,0.24578851461410522,-0.6218196749687195,0.5834453701972961,0.2486831098794937,-0.6215907335281372,0.5104009509086609,0.23686660826206207,-0.6346917748451233,0.4912824034690857,0.23677372932434082,-0.634433925151825,0.47560539841651917,0.23767858743667603,-0.6348323225975037,0.5991711616516113,0.2788129448890686,-0.2922796308994293,0.4481631815433502,0.26318812370300293,-0.34492629766464233,0.554058849811554,0.34470993280410767,-0.5525612235069275,0.4950398802757263,0.34009188413619995,-0.5676045417785645,0.6760786771774292,0.5370891094207764,-0.1026429682970047,0.33321037888526917,0.5205680131912231,-0.25773879885673523,0.7434166073799133,0.8999648690223694,-0.09889783710241318,0.21304091811180115,0.9164245128631592,-0.639829158782959,0.7512372732162476,1.1521965265274048,-0.44919323921203613,0.367844820022583,0.7320181131362915,-1.269025206565857,0.754082977771759,1.2394084930419922,-0.522114634513855,0.43411725759506226,0.7019149661064148,-1.3939086198806763,0.7356230616569519,1.2167332172393799,-0.5578022003173828,0.4426252245903015,0.653558611869812,-1.3569329977035522,0.7194120287895203,1.1866530179977417,-0.47452741861343384,0.4308846592903137,0.6577609777450562,-1.2630184888839722,0.5994148254394531,1.0442756414413452,0.017489425837993622,0.376726895570755,1.0587029457092285,-0.014640143141150475,0.5784884691238403,1.6133878231048584,0.08136822283267975,0.35267913341522217,1.6013275384902954,0.028682222589850426,0.5588122606277466,2.0401854515075684,0.5537542700767517,0.34182339906692505,2.0181498527526855,0.38057976961135864,0.5611648559570312,2.1013705730438232,0.5731320381164551,0.3303365111351013,2.0748190879821777,0.4018484652042389,0.5302866101264954,2.182715892791748,0.14065170288085938,0.37085095047950745,2.165825128555298,-0.08698385953903198,0.3807345926761627,0.7130866050720215,-4.420114976255718e-07,0.39169177412986755,0.6462300419807434,0.010870357044041157,0.42493706941604614,0.6078057885169983,0.01963171735405922,0.456716924905777,0.5987176895141602,0.026853252202272415,0.4694584608078003,0.6124409437179565,0.03476783633232117,0.48150575160980225,0.6293462514877319,0.013905053958296776,0.5003268122673035,0.6280535459518433,0.023586377501487732,0.48484301567077637,0.628711462020874,0.028345361351966858,0.4697757363319397,0.6334704756736755,0.030608009546995163,0.4878924787044525,0.6686656475067139,0.010502049699425697,0.5024049878120422,0.6594405770301819,0.024060504510998726,0.48837941884994507,0.6558239459991455,0.02891727164387703,0.47287219762802124,0.660383403301239,0.029609059914946556,0.4852553606033325,0.7048319578170776,0.008536485023796558,0.4985593855381012,0.6910457015037537,0.01902429573237896,0.48688820004463196,0.6859827637672424,0.02168397046625614,0.4715648293495178,0.6895349621772766,0.020683148875832558,0.4780550003051758,0.7332940697669983,0.007574174553155899,0.49123355746269226,0.7204294204711914,0.016453715041279793,0.4822379946708679,0.7151646018028259,0.02215513400733471,0.4685256779193878,0.7181996703147888,0.02512320503592491
sorry,0.5354599952697754,0.288706511259079,-0.7850422859191895,0.560612678527832,0.2514234781265259,-0.7346791625022888,0.5720869302749634,0.2544012665748596,-0.7344533205032349,0.582980751991272,0.25755488872528076,-0.734178364276886,0.5158164501190186,0.2439616322517395,-0.7497588396072388,0.49648576974868774,0.24160636961460114,-0.7496212720870972,0.4771427512168884,0.24079370498657227,-0.7501155138015747,0.598531186580658,0.2843996286392212,-0.3954004943370819,0.4482838213443756,0.2632184624671936,-0.46004873514175415,0.5543491244316101,0.3461664319038391,-0.6585893034934998,0.4951750338077545,0.3401055932044983,-0.6774630546569824,0.678435206413269,0.5324043035507202,-0.183608278632164,0.333291232585907,0.5217220187187195,-0.36196088790893555,0.7451122403144836,0.9118160009384155,-0.16511818766593933,0.2503032982349396,0.9214605689048767,-0.74807208776474,0.730461835861206,1.1723467111587524,-0.47272181510925293,0.4272356927394867,0.6949779391288757,-1.2948641777038574,0.740709125995636,1.2605693340301514,-0.5357756614685059,0.49311381578445435,0.670721173286438,-1.4139902591705322,0.7153819799423218,1.2416423559188843,-0.5741701126098633,0.5019957423210144,0.6256822943687439,-1.3590120077133179,0.6993501782417297,1.2099689245224,-0.4990171492099762,0.48494482040405273,0.6306856274604797,-1.281341552734375,0.6033053398132324,1.0517407655715942,0.03147107735276222,0.38286489248275757,1.0605173110961914,-0.02871072292327881,0.5889687538146973,1.643652319908142,0.03089139237999916,0.36169901490211487,1.6313667297363281,-0.03805426135659218,0.5732423663139343,2.097252607345581,0.4731522500514984,0.35342979431152344,2.07835054397583,0.25595328211784363,0.575377881526947,2.1614737510681152,0.48862209916114807,0.34211400151252747,2.137876033782959,0.26816344261169434,0.5470382571220398,2.242421865463257,0.03335197642445564,0.37930941581726074,2.2272796630859375,-0.24508187174797058,0.43748557567596436,0.6672695875167847,-3.5636028883345716e-07,0.4562966823577881,0.6070488691329956,0.01030669640749693,0.49176937341690063,0.5709441304206848,0.01706102304160595,0.5182561874389648,0.5669982433319092,0.02158425562083721,0.5263535976409912,0.5857344269752502,0.026815202087163925,0.5370509624481201,0.5813633799552917,0.011300938203930855,0.5571819543838501,0.5931660532951355,0.015719521790742874,0.5439234972000122,0.5997249484062195,0.017700623720884323,0.5283851623535156,0.5998647809028625,0.01842748187482357,0.5430485606193542,0.6183092594146729,0.005382935982197523,0.562965989112854,0.6283650398254395,0.013508268631994724,0.5492758750915527,0.6312025189399719,0.01707540638744831,0.5317814946174622,0.6303245425224304,0.0181732140481472,0.5416794419288635,0.6551749110221863,0.0005047951126471162,0.557712972164154,0.6606428623199463,0.0085262730717659,0.546018660068512,0.6607781648635864,0.01221357099711895,0.5299322009086609,0.6586266160011292,0.012600721791386604,0.534049928188324,0.6865123510360718,-0.0038802404887974262,0.5447945594787598,0.6877466440200806,0.004033039323985577,0.5356402397155762,0.6850834488868713,0.010283604264259338,0.5221874713897705,0.6832313537597656,0.013941138982772827
sorry,0.5392591953277588,0.2834051251411438,-0.6532315611839294,0.5623233318328857,0.2399442195892334,-0.6004483103752136,0.5768598318099976,0.24336113035678864,-0.6002892851829529,0.5884445309638977,0.24640154838562012,-0.6000507473945618,0.5162990093231201,0.2342299073934555,-0.6160444021224976,0.4968607425689697,0.2337518334388733,-0.6158347725868225,0.4809507429599762,0.23439091444015503,-0.6162756085395813,0.6047109961509705,0.2764531970024109,-0.2697010040283203,0.45238083600997925,0.26046401262283325,-0.33693578839302063,0.5592946410179138,0.34741801023483276,-0.5314410328865051,0.5006899237632751,0.3428448438644409,-0.5508867502212524,0.6774503588676453,0.5375540256500244,-0.08132008463144302,0.3330634832382202,0.5249163508415222,-0.25231945514678955,0.7436509132385254,0.9028060436248779,-0.06393434852361679,0.21812982857227325,0.9141285419464111,-0.6305429339408875,0.7433458566665649,1.157036304473877,-0.40809983015060425,0.37595227360725403,0.738589346408844,-1.2559418678283691,0.7499561905860901,1.249407172203064,-0.4748679995536804,0.4378902316093445,0.7071646451950073,-1.3753273487091064,0.7286680340766907,1.2243056297302246,-0.5127249956130981,0.4475160241127014,0.6592837572097778,-1.3407467603683472,0.713592529296875,1.1929138898849487,-0.4333220422267914,0.4364456534385681,0.6643299460411072,-1.2500413656234741,0.6039540767669678,1.048642635345459,0.025172259658575058,0.37654954195022583,1.053340196609497,-0.022497935220599174,0.5869827270507812,1.6092441082000732,0.06695520132780075,0.35805994272232056,1.597200870513916,0.011220087297260761,0.5696618556976318,2.0444178581237793,0.5171170234680176,0.3501994013786316,2.020406723022461,0.35016295313835144,0.5722321271896362,2.1059274673461914,0.5342957377433777,0.338514119386673,2.0771257877349854,0.3697158694267273,0.5425838232040405,2.188807487487793,0.10195200145244598,0.3825514316558838,2.167592763900757,-0.1208476796746254,0.3836318552494049,0.7207375764846802,-4.846106094191782e-07,0.3924922049045563,0.6550590991973877,0.007297592703253031,0.421301931142807,0.6164613366127014,0.01329896878451109,0.4510505199432373,0.6042259335517883,0.01867705211043358,0.46395182609558105,0.6106436252593994,0.024704962968826294,0.4824902415275574,0.6429215669631958,0.005010327324271202,0.49970829486846924,0.6336353421211243,0.009700505994260311,0.4850791394710541,0.6332705020904541,0.01192315574735403,0.46893519163131714,0.640097975730896,0.013346943072974682,0.4865818917751312,0.6817744374275208,0.002780135255306959,0.48572489619255066,0.6695485711097717,0.013501706533133984,0.47011199593544006,0.6670518517494202,0.01798916980624199,0.45668816566467285,0.6731299161911011,0.01819239743053913,0.48049411177635193,0.7168347835540771,0.0018010883359238505,0.4780066907405853,0.6988182067871094,0.009373534470796585,0.464647114276886,0.6943582892417908,0.01242546085268259,0.4506756067276001,0.6989111304283142,0.01185351051390171,0.4703044593334198,0.7442325353622437,0.0015984887722879648,0.46925848722457886,0.7274712920188904,0.006744822021573782,0.4583905041217804,0.7225055694580078,0.011277930811047554,0.4463363289833069,0.7259412407875061,0.014143639244139194
sorry,0.5379016399383545,0.29526832699775696,-0.6101361513137817,0.5616272687911987,0.25332701206207275,-0.5627651810646057,0.5747920870780945,0.2571144104003906,-0.5625485777854919,0.587657630443573,0.26116055250167847,-0.5622256994247437,0.5146493315696716,0.2454344630241394,-0.5743024945259094,0.49453920125961304,0.2438393235206604,-0.5740484595298767,0.478145033121109,0.24356961250305176,-0.5745177268981934,0.6046158671379089,0.28918349742889404,-0.2581847906112671,0.4502333998680115,0.26227283477783203,-0.3061240315437317,0.5570526719093323,0.3574676513671875,-0.4951731562614441,0.4980331361293793,0.35218918323516846,-0.5093492269515991,0.6768586039543152,0.5382956862449646,-0.059674523770809174,0.3337191045284271,0.5242120027542114,-0.23555877804756165,0.7483837604522705,0.9105581045150757,-0.05488181114196777,0.2334858924150467,0.9115402698516846,-0.5670937299728394,0.7432226538658142,1.154722809791565,-0.4169692099094391,0.4407932162284851,0.7512741684913635,-1.0871832370758057,0.7465399503707886,1.2549394369125366,-0.49252671003341675,0.5146233439445496,0.7289252877235413,-1.200302243232727,0.7260801792144775,1.220896601676941,-0.5279668569564819,0.520356297492981,0.6779361963272095,-1.152332067489624,0.7091252207756042,1.1886402368545532,-0.4427742063999176,0.49989503622055054,0.6807724833488464,-1.0725878477096558,0.5952242612838745,1.0456123352050781,0.031046468764543533,0.3696168065071106,1.049771785736084,-0.027815604582428932,0.5759692788124084,1.5922473669052124,0.024992583319544792,0.3469545245170593,1.5725964307785034,-0.03474948927760124,0.5603040456771851,2.0105843544006348,0.444194495677948,0.33544212579727173,1.9805827140808105,0.25956815481185913,0.5622929930686951,2.072920560836792,0.45923227071762085,0.3231821656227112,2.0389881134033203,0.27355387806892395,0.5317495465278625,2.1519739627838135,0.033429548144340515,0.36610206961631775,2.1249895095825195,-0.2016746699810028,0.44807276129722595,0.7420843243598938,-4.072069543781254e-07,0.4698086977005005,0.6775668859481812,0.006679429206997156,0.504082441329956,0.6434521675109863,0.009145384654402733,0.5352245569229126,0.6328827738761902,0.010095476172864437,0.547119140625,0.6378595232963562,0.012063873931765556,0.5511735081672668,0.671614408493042,0.0022821156308054924,0.580273449420929,0.6646486520767212,0.0033805419225245714,0.5644745826721191,0.6604577898979187,0.0043746428564190865,0.5454241633415222,0.6641609072685242,0.005251208320260048,0.5536209940910339,0.7130317687988281,-0.0016284756129607558,0.5681560635566711,0.6977192759513855,0.004838593304157257,0.5536606907844543,0.6921257376670837,0.00861586444079876,0.5380915999412537,0.6989254355430603,0.008892601355910301,0.5482221841812134,0.7492378950119019,-0.0045814551413059235,0.5577445030212402,0.7292190790176392,0.00032079522497951984,0.5456052422523499,0.7241798639297485,0.004467252641916275,0.5297136902809143,0.7295848727226257,0.004950409755110741,0.5402864813804626,0.7778063416481018,-0.006962347775697708,0.5491775870323181,0.7603446245193481,-0.0020715852733701468,0.5386396646499634,0.7552827000617981,0.004120504017919302,0.5252667665481567,0.759367048740387,0.007997527718544006
sorry,0.5338037014007568,0.30372750759124756,-0.6841450929641724,0.5567720532417297,0.2650004029273987,-0.63380366563797,0.5701403617858887,0.26864367723464966,-0.6336426734924316,0.5807972550392151,0.2726004421710968,-0.6334300637245178,0.5093719959259033,0.2545463442802429,-0.6517356634140015,0.4895755350589752,0.2516876459121704,-0.6516050100326538,0.4727902412414551,0.2510548233985901,-0.6520866751670837,0.5972909331321716,0.29584378004074097,-0.30417147278785706,0.4448879361152649,0.2750045657157898,-0.38022345304489136,0.5532550811767578,0.36412209272384644,-0.5602167844772339,0.4929323196411133,0.358856737613678,-0.5827077031135559,0.6733642816543579,0.53657066822052,-0.10088954120874405,0.3300729990005493,0.5187036991119385,-0.2965503931045532,0.745145320892334,0.904405951499939,-0.09299912303686142,0.23991918563842773,0.9085268378257751,-0.692735493183136,0.7277563214302063,1.1554946899414062,-0.40258145332336426,0.3983050584793091,0.6559434533119202,-1.2435235977172852,0.7465041875839233,1.2480309009552002,-0.46039000153541565,0.45344477891921997,0.619928240776062,-1.3596521615982056,0.7088652849197388,1.220674991607666,-0.4882153868675232,0.4585466980934143,0.5716623663902283,-1.3066296577453613,0.6934319734573364,1.1901787519454956,-0.42484599351882935,0.4489247798919678,0.5847159624099731,-1.2312610149383545,0.596236526966095,1.0440638065338135,0.03805023059248924,0.37348878383636475,1.0456581115722656,-0.03526604548096657,0.5737994909286499,1.6086856126785278,-0.001268743653781712,0.34620949625968933,1.593544840812683,-0.08654680103063583,0.5558187961578369,2.043997287750244,0.39945536851882935,0.33604031801223755,2.0223560333251953,0.15246634185314178,0.5580736994743347,2.1064999103546143,0.41276031732559204,0.32506346702575684,2.08046555519104,0.15942229330539703,0.5285719633102417,2.1833367347717285,-0.019042039290070534,0.36377987265586853,2.168013334274292,-0.3257254362106323,0.41333726048469543,0.6451820731163025,-3.514157640438498e-07,0.42278483510017395,0.5725584626197815,0.0029343441128730774,0.4563112258911133,0.5324474573135376,0.0051964507438242435,0.4888703525066376,0.531859278678894,0.006754168309271336,0.5039546489715576,0.5578811764717102,0.008805777877569199,0.5032994747161865,0.548490583896637,0.0036611652467399836,0.5117213129997253,0.5405271649360657,0.006926191039383411,0.49448010325431824,0.544689953327179,0.006368640810251236,0.48295858502388,0.5529858469963074,0.004553179256618023,0.5111029744148254,0.5880196690559387,0.0010599156375974417,0.5158962607383728,0.5699834823608398,0.007778898347169161,0.5013386011123657,0.5704411268234253,0.009458622895181179,0.48781588673591614,0.5810666084289551,0.008620064705610275,0.5105823874473572,0.6239583492279053,-0.000838790787383914,0.5116406679153442,0.6019871830940247,0.003990796860307455,0.49894052743911743,0.5998103618621826,0.005953103769570589,0.4847182333469391,0.6079619526863098,0.005491012241691351,0.5052222609519958,0.6525497436523438,-0.0025654714554548264,0.5052160620689392,0.6309128403663635,0.0017493350896984339,0.49431997537612915,0.6283107399940491,0.00675484724342823,0.4826198220252991,0.6349233984947205,0.010036511346697807
sorry,0.5401897430419922,0.2969655990600586,-0.5584028363227844,0.5634793043136597,0.25575166940689087,-0.507428765296936,0.5763304233551025,0.2584996223449707,-0.5071736574172974,0.5898281931877136,0.26150649785995483,-0.5069087147712708,0.5179862976074219,0.2478817105293274,-0.5226693153381348,0.4987778067588806,0.24604593217372894,-0.5224173069000244,0.4816828668117523,0.24556459486484528,-0.5228849649429321,0.6030312180519104,0.28703129291534424,-0.1858140081167221,0.4517687261104584,0.2628512978553772,-0.24911852180957794,0.5579602122306824,0.35701969265937805,-0.43818625807762146,0.5030656456947327,0.35335037112236023,-0.456555038690567,0.6745482683181763,0.5365481972694397,0.004946842323988676,0.332418292760849,0.5207853317260742,-0.19946105778217316,0.744513213634491,0.904868483543396,0.007665897253900766,0.20753750205039978,0.8967564702033997,-0.5638750791549683,0.7443943023681641,1.1502331495285034,-0.357226699590683,0.39964866638183594,0.7496541738510132,-1.1336748600006104,0.7532424926757812,1.2570430040359497,-0.4339103102684021,0.47267967462539673,0.7297762632369995,-1.2490235567092896,0.7251773476600647,1.2169699668884277,-0.46679824590682983,0.48352688550949097,0.6852312088012695,-1.2167837619781494,0.7104638814926147,1.1856211423873901,-0.3821325898170471,0.4671805500984192,0.6852189302444458,-1.1254876852035522,0.5929485559463501,1.0478085279464722,0.03149420768022537,0.36537235975265503,1.057309865951538,-0.028307581320405006,0.5792875289916992,1.6044142246246338,0.04808516427874565,0.35580188035964966,1.5865260362625122,0.011905008926987648,0.5559808015823364,2.0249345302581787,0.4777735769748688,0.3398250341415405,1.9985439777374268,0.346649706363678,0.5566993355751038,2.086026668548584,0.49257001280784607,0.3249189853668213,2.056455135345459,0.366182804107666,0.5291124582290649,2.167302131652832,0.06168842315673828,0.37197378277778625,2.145397901535034,-0.11527594178915024,0.39297977089881897,0.7443687319755554,-4.431391573689325e-07,0.4225417375564575,0.6800636053085327,0.012000598944723606,0.46210211515426636,0.6610009670257568,0.018484758213162422,0.49203747510910034,0.6567335724830627,0.02304512821137905,0.5054268836975098,0.6541175842285156,0.028409108519554138,0.5070542097091675,0.6889516115188599,0.00928764883428812,0.5335156321525574,0.6892307996749878,0.013153073377907276,0.5175506472587585,0.6841213703155518,0.015826400369405746,0.49898475408554077,0.6841139793395996,0.017920244485139847,0.5052908062934875,0.7331171035766602,0.0038313905242830515,0.5276432037353516,0.7258700728416443,0.012911899015307426,0.5138784646987915,0.7175235748291016,0.01798194646835327,0.4958890676498413,0.718620777130127,0.019295718520879745,0.4963458478450775,0.7703651189804077,-0.00029371253913268447,0.5127053260803223,0.7554391622543335,0.008656925521790981,0.5005759596824646,0.7478639483451843,0.013997226022183895,0.48404979705810547,0.7479943633079529,0.014344670809805393,0.48526865243911743,0.7986374497413635,-0.0035626539029181004,0.49596479535102844,0.7828392386436462,0.004726639483124018,0.4860227108001709,0.7757141590118408,0.011614281684160233,0.47221115231513977,0.7750102281570435,0.01520172506570816
sorry,0.5268908739089966,0.2959491014480591,-0.7823359370231628,0.5506921410560608,0.25254058837890625,-0.7349485754966736,0.5655179619789124,0.25656306743621826,-0.734794557094574,0.5771713852882385,0.26096928119659424,-0.7344487309455872,0.5027384161949158,0.24439316987991333,-0.7472319006919861,0.48301586508750916,0.24320000410079956,-0.7471151947975159,0.4675840437412262,0.24358344078063965,-0.7476591467857361,0.5966869592666626,0.28579872846603394,-0.40138745307922363,0.4426637291908264,0.2691808342933655,-0.45337074995040894,0.5490930676460266,0.3548087477684021,-0.6554258465766907,0.4881872236728668,0.3522224426269531,-0.6705805659294128,0.6777605414390564,0.5313527584075928,-0.16710643470287323,0.33180201053619385,0.5266584753990173,-0.35111862421035767,0.7463622093200684,0.9073680639266968,-0.13514548540115356,0.24317416548728943,0.9243869185447693,-0.7442389726638794,0.7430858612060547,1.1543848514556885,-0.4632069170475006,0.43014636635780334,0.7273615002632141,-1.320787787437439,0.7470033764839172,1.2498894929885864,-0.5252127647399902,0.5017375349998474,0.6998367309570312,-1.438785433769226,0.7297903299331665,1.219444751739502,-0.5625431537628174,0.5092265605926514,0.6507748365402222,-1.3883954286575317,0.7121505737304688,1.1890050172805786,-0.48704904317855835,0.4898366332054138,0.6558847427368164,-1.3059114217758179,0.6043186783790588,1.0543498992919922,0.02613043785095215,0.37666094303131104,1.0573655366897583,-0.023325199261307716,0.587048351764679,1.6099865436553955,0.009863258339464664,0.3571861982345581,1.5960942506790161,-0.009283095598220825,0.5734297633171082,2.036165714263916,0.45132964849472046,0.3504250645637512,2.011094570159912,0.295527845621109,0.5772771239280701,2.0971522331237793,0.46791329979896545,0.33901458978652954,2.067148208618164,0.3105316758155823,0.5439174771308899,2.1795315742492676,0.024298815056681633,0.37947291135787964,2.1591341495513916,-0.17317530512809753,0.44699811935424805,0.7054002285003662,-3.7217384374343965e-07,0.4675230085849762,0.6381251811981201,0.005459580570459366,0.5026846528053284,0.6015366911888123,0.008099735714495182,0.528952419757843,0.5924351811408997,0.009188833646476269,0.53493332862854,0.6017307043075562,0.01048885378986597,0.5594233274459839,0.6292645335197449,0.006167781073600054,0.5635772943496704,0.6246874928474426,0.007481646724045277,0.5455460548400879,0.6241948008537292,0.005314826499670744,0.5343973636627197,0.6284091472625732,0.0025611133314669132,0.5611569881439209,0.6702886819839478,0.0008160535362549126,0.5740177035331726,0.6574205160140991,0.004756132606416941,0.5589304566383362,0.6523301601409912,0.005905344616621733,0.5423026084899902,0.6563394069671631,0.0055659194476902485,0.5546615719795227,0.7062942981719971,-0.00377853075042367,0.5647516250610352,0.6893149614334106,-0.00011001504026353359,0.5522114634513855,0.683387815952301,0.0028271921910345554,0.5375475287437439,0.6857600212097168,0.0034235091879963875,0.5426660180091858,0.7344955801963806,-0.00818838644772768,0.54751056432724,0.7167898416519165,-0.003828686196357012,0.53729248046875,0.7107664346694946,0.0017759958282113075,0.5254745483398438,0.7126529812812805,0.0055100927129387856
sorry,0.5284655094146729,0.2980414628982544,-0.6204390525817871,0.552640438079834,0.25638145208358765,-0.5707693099975586,0.566542387008667,0.26037782430648804,-0.570617139339447,0.5774787664413452,0.26452207565307617,-0.5704084038734436,0.5043242573738098,0.24822115898132324,-0.5844045281410217,0.4843383729457855,0.24672828614711761,-0.5841851234436035,0.4687178134918213,0.2466006875038147,-0.5846521258354187,0.5950533747673035,0.2901660203933716,-0.25007426738739014,0.44284144043922424,0.27259284257888794,-0.3034393787384033,0.5481880903244019,0.35914337635040283,-0.5010072588920593,0.4875805974006653,0.35663387179374695,-0.5167065262794495,0.6745700836181641,0.5388930439949036,-0.06513211131095886,0.32812607288360596,0.5260649919509888,-0.23862767219543457,0.7438749074935913,0.9168674945831299,-0.0554463155567646,0.243796706199646,0.9268089532852173,-0.6398323774337769,0.734493613243103,1.1788465976715088,-0.3653431236743927,0.4150486886501312,0.6728796362876892,-1.2142201662063599,0.7438626885414124,1.2791355848312378,-0.42927512526512146,0.4727158546447754,0.6275280714035034,-1.3334606885910034,0.7200478315353394,1.2514708042144775,-0.45975980162620544,0.47405433654785156,0.5817164182662964,-1.2843536138534546,0.7022832632064819,1.2189445495605469,-0.3894152343273163,0.46282196044921875,0.5934333205223083,-1.203622579574585,0.5976604223251343,1.0558488368988037,0.0316338948905468,0.3725271224975586,1.0647611618041992,-0.02859039232134819,0.5776161551475525,1.6330664157867432,0.046598754823207855,0.3507089614868164,1.6205137968063354,-0.029273975640535355,0.5567355751991272,2.0658130645751953,0.5057459473609924,0.3364304304122925,2.0473690032958984,0.2790420949459076,0.5593976378440857,2.127394437789917,0.5237141251564026,0.32388412952423096,2.1043522357940674,0.2946784198284149,0.5268778800964355,2.209817409515381,0.08946094661951065,0.366637647151947,2.199749708175659,-0.1987004578113556,0.4306188225746155,0.6560667157173157,-4.005699736353563e-07,0.42602527141571045,0.5913715958595276,0.003079846268519759,0.44691208004951477,0.5395940542221069,0.00579837616533041,0.4720779359340668,0.5193295478820801,0.008131868205964565,0.48384323716163635,0.5341235399246216,0.010739297606050968,0.5084778070449829,0.5430015921592712,0.0022430233657360077,0.5122814178466797,0.535070538520813,0.0071840365417301655,0.4951340854167938,0.5434982776641846,0.007741865236312151,0.4842601418495178,0.553596019744873,0.006496680900454521,0.5191224217414856,0.5817708373069763,-0.00014981716230977327,0.5162662267684937,0.5688982605934143,0.009195499122142792,0.5009446144104004,0.5733539462089539,0.01241555716842413,0.4906456172466278,0.5851877331733704,0.01174030639231205,0.5197318196296692,0.6192378997802734,-0.001532317022792995,0.5136459469795227,0.602785587310791,0.004944059532135725,0.4999818205833435,0.60405433177948,0.007041696924716234,0.48965519666671753,0.6144497394561768,0.005893405992537737,0.5148322582244873,0.6496212482452393,-0.0026137642562389374,0.509983479976654,0.6314996480941772,0.0027311965823173523,0.49812766909599304,0.6312612891197205,0.007955295965075493,0.48915544152259827,0.6400144100189209,0.01078260038048029
sorry,0.5415107607841492,0.2981473207473755,-0.6817771196365356,0.5651620030403137,0.25647664070129395,-0.6264371275901794,0.5776152610778809,0.2602236866950989,-0.6262497901916504,0.5903350114822388,0.2641424536705017,-0.6259406805038452,0.5183269381523132,0.24812936782836914,-0.6434537768363953,0.498840868473053,0.24645060300827026,-0.643214762210846,0.4818113446235657,0.24567747116088867,-0.6436503529548645,0.6042566299438477,0.2905646562576294,-0.2765709459781647,0.4525078237056732,0.2671735882759094,-0.3507516384124756,0.5602427124977112,0.35908567905426025,-0.5522891283035278,0.5029942989349365,0.3548288345336914,-0.5737763047218323,0.6745349764823914,0.5414339900016785,-0.0641547441482544,0.3361108601093292,0.5215871930122375,-0.281688928604126,0.7448503971099854,0.9083608984947205,-0.03766340762376785,0.2154010534286499,0.9060465097427368,-0.6883358359336853,0.7474606037139893,1.1600315570831299,-0.380463182926178,0.3793589770793915,0.7306880950927734,-1.3144526481628418,0.7554812431335449,1.2441493272781372,-0.4483643174171448,0.4462692141532898,0.7037700414657593,-1.4402430057525635,0.7325599789619446,1.2255641222000122,-0.4857960343360901,0.4618307650089264,0.6613891124725342,-1.4051600694656372,0.717602014541626,1.195999264717102,-0.40682417154312134,0.4461361765861511,0.6647383570671082,-1.3082444667816162,0.5956583023071289,1.0461002588272095,0.03354030102491379,0.3816470205783844,1.055601954460144,-0.030718091875314713,0.5785079598426819,1.614672064781189,0.10257349163293839,0.3532871901988983,1.604971170425415,0.020573601126670837,0.5595511794090271,2.04364013671875,0.590904176235199,0.3486310839653015,2.023993492126465,0.3842070400714874,0.5612712502479553,2.1050658226013184,0.6116304397583008,0.33825886249542236,2.078453302383423,0.40615376830101013,0.5344343185424805,2.184389591217041,0.16870301961898804,0.37919920682907104,2.1719179153442383,-0.10193810611963272,0.38656988739967346,0.7243795394897461,-4.3517871972653666e-07,0.39659276604652405,0.6565876007080078,0.0053665246814489365,0.4298592805862427,0.6168597936630249,0.013152768835425377,0.45996683835983276,0.6089127063751221,0.020673353224992752,0.4688764810562134,0.6247156262397766,0.028685929253697395,0.4856754541397095,0.6514154672622681,0.010547400452196598,0.5014908313751221,0.6358122825622559,0.018381427973508835,0.4847332835197449,0.6313570141792297,0.02093256078660488,0.4695526659488678,0.638388991355896,0.021989040076732635,0.48895224928855896,0.6896176338195801,0.010667550377547741,0.489003449678421,0.6681374907493591,0.0246077012270689,0.47306352853775024,0.662665605545044,0.02862994559109211,0.46130749583244324,0.6710606217384338,0.028178445994853973,0.4827660918235779,0.7224611639976501,0.011528631672263145,0.48299598693847656,0.6974657773971558,0.021526126191020012,0.46978190541267395,0.6898179054260254,0.02227281965315342,0.45745599269866943,0.6964547634124756,0.0198451466858387,0.47317633032798767,0.7463887929916382,0.013053392060101032,0.47515809535980225,0.7237628102302551,0.020351719111204147,0.46434926986694336,0.7163603901863098,0.023986060172319412,0.45305779576301575,0.7221614122390747,0.025655630975961685
sorry,0.5405069589614868,0.3003460764884949,-0.6981191039085388,0.5631921887397766,0.25723206996917725,-0.6421672105789185,0.5755138397216797,0.2601431608200073,-0.6419217586517334,0.5889399647712708,0.26344025135040283,-0.6415404677391052,0.5178622603416443,0.24970191717147827,-0.6608691811561584,0.4983808994293213,0.24805396795272827,-0.6606237292289734,0.4809030592441559,0.24747204780578613,-0.6611318588256836,0.6025764346122742,0.28855544328689575,-0.2813688814640045,0.45069950819015503,0.2649885416030884,-0.3617425262928009,0.5586548447608948,0.36006277799606323,-0.5632633566856384,0.503654956817627,0.3568342328071594,-0.5863344073295593,0.6748896837234497,0.5383657217025757,-0.03897056356072426,0.3353767395019531,0.521047830581665,-0.30866777896881104,0.7488213181495667,0.8959596157073975,-0.015319359488785267,0.22417016327381134,0.9010545015335083,-0.7098445296287537,0.7245017886161804,1.1310234069824219,-0.38498935103416443,0.4153210520744324,0.7538303136825562,-1.3012936115264893,0.7448608875274658,1.260312557220459,-0.4606098532676697,0.4866247773170471,0.7386466860771179,-1.4282358884811401,0.7110581994056702,1.2153054475784302,-0.4938024878501892,0.4968288838863373,0.6906110048294067,-1.3955706357955933,0.6971376538276672,1.1849651336669922,-0.40962761640548706,0.47870683670043945,0.6903702616691589,-1.2931997776031494,0.5986786484718323,1.0525137186050415,0.039584871381521225,0.376975953578949,1.0649218559265137,-0.036474280059337616,0.583089292049408,1.6138482093811035,0.08341099321842194,0.35959285497665405,1.5981485843658447,-0.0055070179514586926,0.5615733861923218,2.0384483337402344,0.5545749664306641,0.34554529190063477,2.0155627727508545,0.3601219952106476,0.5628648996353149,2.1001405715942383,0.5719422698020935,0.33229726552963257,2.073429584503174,0.3814419209957123,0.5350438356399536,2.177910804748535,0.12114906311035156,0.3741470277309418,2.1586503982543945,-0.12964801490306854,0.4082874655723572,0.7451902031898499,-4.273735498827591e-07,0.4373001158237457,0.679866373538971,0.009382318705320358,0.47588014602661133,0.6540029644966125,0.013695035129785538,0.50609290599823,0.6466975212097168,0.016435666009783745,0.5152612328529358,0.6535707116127014,0.020154090598225594,0.5263813734054565,0.6856415271759033,0.006188715808093548,0.5460755228996277,0.6873703598976135,0.012268859893083572,0.5292755961418152,0.6836227178573608,0.016346631571650505,0.5121126770973206,0.6844789981842041,0.018339861184358597,0.5239628553390503,0.7293252944946289,0.0012621027417480946,0.542797327041626,0.7233884930610657,0.011907060630619526,0.5289029479026794,0.7154202461242676,0.017411192879080772,0.5115485787391663,0.7156813740730286,0.018437201157212257,0.5140777826309204,0.7675272226333618,-0.002090302063152194,0.5315911173820496,0.754859209060669,0.00719072762876749,0.5194962024688721,0.7469882369041443,0.012481476180255413,0.502093493938446,0.746709942817688,0.012787610292434692,0.5009537935256958,0.7969542741775513,-0.004733058623969555,0.5143225789070129,0.7822874188423157,0.003631680505350232,0.5050088763237,0.7736110091209412,0.011019720695912838,0.4902496933937073,0.7716463208198547,0.015023410320281982
sorry,0.5357813239097595,0.30445224046707153,-0.6340221762657166,0.5600864887237549,0.2630777955055237,-0.5846336483955383,0.573648989200592,0.2663279175758362,-0.5844864845275879,0.5834256410598755,0.2701055407524109,-0.5842854976654053,0.5160700678825378,0.256711483001709,-0.5981736183166504,0.49632301926612854,0.2551686763763428,-0.5979740023612976,0.4774610102176666,0.25465160608291626,-0.598476231098175,0.6004871726036072,0.294380784034729,-0.25968360900878906,0.4497004449367523,0.2730028033256531,-0.3170376420021057,0.5543003678321838,0.35802966356277466,-0.5125114321708679,0.4955774247646332,0.351656436920166,-0.5293256044387817,0.6786653995513916,0.5365461707115173,-0.07381453365087509,0.33579373359680176,0.5182438492774963,-0.23942968249320984,0.7478835582733154,0.9213171005249023,-0.0723426342010498,0.24496671557426453,0.9159067869186401,-0.6328552961349487,0.7345372438430786,1.1881028413772583,-0.38938573002815247,0.43528467416763306,0.6916186213493347,-1.1786288022994995,0.7521759271621704,1.2955474853515625,-0.4555688798427582,0.49793434143066406,0.6657869815826416,-1.2973487377166748,0.7205291986465454,1.2647279500961304,-0.49315038323402405,0.5084719657897949,0.6207221746444702,-1.2422053813934326,0.7022836804389954,1.231346607208252,-0.41643667221069336,0.4936732351779938,0.6289988160133362,-1.1646239757537842,0.6019338369369507,1.061967372894287,0.027447428554296494,0.36382484436035156,1.1432132720947266,-0.024527806788682938,0.5826053619384766,1.655884861946106,-0.010550945065915585,0.35139554738998413,1.6380990743637085,-0.08624598383903503,0.5592247247695923,2.1091644763946533,0.3944091200828552,0.33223676681518555,2.0849101543426514,0.14874769747257233,0.5611305832862854,2.1738131046295166,0.4070310592651367,0.319299578666687,2.1453604698181152,0.15552251040935516,0.5276733636856079,2.2544736862182617,-0.03553976118564606,0.35937196016311646,2.2349507808685303,-0.34335190057754517,0.4427080452442169,0.6702741384506226,-3.5082587146462174e-07,0.463947057723999,0.6065614819526672,0.007487221620976925,0.5019636154174805,0.5744695663452148,0.010579033754765987,0.5290712118148804,0.5794927477836609,0.011343656107783318,0.535434901714325,0.6045003533363342,0.012181981466710567,0.5454509258270264,0.5839332342147827,0.006608239375054836,0.5634243488311768,0.6032640337944031,0.007590698078274727,0.5496081113815308,0.6118249297142029,0.0058165243826806545,0.5358704328536987,0.6118940114974976,0.0033942684531211853,0.5519207715988159,0.6221578121185303,0.0004093213065061718,0.561796247959137,0.6373024582862854,0.006527125369757414,0.547415018081665,0.6395516991615295,0.00758039066568017,0.5322045683860779,0.636968731880188,0.005909942090511322,0.550139307975769,0.6601937413215637,-0.004980775061994791,0.5586051344871521,0.6673575639724731,0.0005074598011560738,0.5450982451438904,0.6676764488220215,0.003499693004414439,0.5294815301895142,0.6646221876144409,0.0031175122130662203,0.5424898266792297,0.6923508048057556,-0.010205764323472977,0.5468675494194031,0.6946364641189575,-0.0043673827312886715,0.5340800285339355,0.6938705444335938,0.0019434336572885513,0.5200115442276001,0.6912568807601929,0.00571425398811698
sorry,0.5356845855712891,0.30140697956085205,-0.5913039445877075,0.5609461069107056,0.25870412588119507,-0.5481081604957581,0.5751188397407532,0.2624492645263672,-0.5479490756988525,0.5875494480133057,0.26542848348617554,-0.5478222370147705,0.5125672817230225,0.25087445974349976,-0.5565890073776245,0.4925491213798523,0.2494141012430191,-0.5563428997993469,0.47731342911720276,0.24921536445617676,-0.5567077994346619,0.6047240495681763,0.29136914014816284,-0.24421247839927673,0.45117002725601196,0.2686827778816223,-0.2749941647052765,0.5539942979812622,0.36451175808906555,-0.4773034453392029,0.49551692605018616,0.361564040184021,-0.4861670434474945,0.678558886051178,0.5393274426460266,-0.06776310503482819,0.3364662826061249,0.5179218053817749,-0.1876848042011261,0.7425848245620728,0.9098150730133057,-0.07093214988708496,0.21837785840034485,0.9010611176490784,-0.5462485551834106,0.7519033551216125,1.1593917608261108,-0.4271470606327057,0.36454442143440247,0.7265645861625671,-1.1704280376434326,0.7547048330307007,1.25690495967865,-0.5034100413322449,0.422529935836792,0.6928418874740601,-1.2891874313354492,0.7340791821479797,1.225619912147522,-0.5417442917823792,0.43013501167297363,0.6457868814468384,-1.2579925060272217,0.7189384698867798,1.193656325340271,-0.45352688431739807,0.4229333996772766,0.653710663318634,-1.1660727262496948,0.6001551151275635,1.045395016670227,0.01849018596112728,0.37822607159614563,1.0503746271133423,-0.015645291656255722,0.5838524699211121,1.6042908430099487,0.048392247408628464,0.35888904333114624,1.591890811920166,0.018196355551481247,0.5646897554397583,2.026418924331665,0.4857649803161621,0.35548150539398193,1.9994714260101318,0.3301483988761902,0.5679301023483276,2.0866994857788086,0.50249183177948,0.3447715640068054,2.0529513359069824,0.3483472168445587,0.5365188121795654,2.1679606437683105,0.08174529671669006,0.3882911801338196,2.1513772010803223,-0.12652547657489777,0.36869168281555176,0.7132711410522461,-4.3253368176010554e-07,0.3853401243686676,0.6471211314201355,0.0080023854970932,0.4233073592185974,0.6109674572944641,0.014295907691121101,0.4548134505748749,0.6026140451431274,0.019015798345208168,0.4641670882701874,0.6186401844024658,0.02423417568206787,0.4750532805919647,0.6385232210159302,0.011534327641129494,0.49251872301101685,0.6366375088691711,0.017455626279115677,0.4773551821708679,0.635631799697876,0.019136138260364532,0.46073612570762634,0.6389570236206055,0.019639113917946815,0.4777351915836334,0.6784432530403137,0.008310831151902676,0.48138201236724854,0.6703341007232666,0.019433999434113503,0.4663228690624237,0.6664429306983948,0.022111238911747932,0.4505949020385742,0.6705106496810913,0.021458890289068222,0.47170159220695496,0.7146716117858887,0.006027680356055498,0.47235992550849915,0.7001788020133972,0.014550595544278622,0.45956939458847046,0.6955705881118774,0.01589484140276909,0.44386908411979675,0.6986243724822998,0.01434971485286951,0.46223822236061096,0.7427222728729248,0.0043465192429721355,0.46262550354003906,0.7286161184310913,0.011964279226958752,0.4519410729408264,0.7237149477005005,0.01685681752860546,0.4388532042503357,0.7256540656089783,0.019687268882989883
sorry,0.5366072058677673,0.2962568998336792,-0.7407351136207581,0.5584365725517273,0.2526141405105591,-0.6872145533561707,0.5722568035125732,0.2563115358352661,-0.6870452165603638,0.5833441019058228,0.25951117277145386,-0.6867234110832214,0.5118566155433655,0.24577903747558594,-0.7022020816802979,0.49247869849205017,0.24440914392471313,-0.7019219994544983,0.4769119322299957,0.24396461248397827,-0.7024016976356506,0.5999069213867188,0.2856035828590393,-0.33123427629470825,0.4495407044887543,0.26475465297698975,-0.39359450340270996,0.5554319620132446,0.35716724395751953,-0.6078877449035645,0.49886554479599,0.3546847105026245,-0.6258904933929443,0.6770238280296326,0.5396514534950256,-0.1007729321718216,0.3337884545326233,0.5262168049812317,-0.30494022369384766,0.7444641590118408,0.9065103530883789,-0.08033337444067001,0.2199738323688507,0.9072279334068298,-0.6991665959358215,0.7279419898986816,1.128791332244873,-0.4548865854740143,0.403423011302948,0.7556423544883728,-1.3280807733535767,0.7480457425117493,1.2503021955490112,-0.5337625741958618,0.47278842329978943,0.7357357740402222,-1.4572914838790894,0.7231369018554688,1.2091515064239502,-0.5694736838340759,0.4841197431087494,0.6873224377632141,-1.4231544733047485,0.7082003355026245,1.1796208620071411,-0.4801090359687805,0.4672815203666687,0.6885169148445129,-1.320855975151062,0.5977652668952942,1.0592533349990845,0.024583619087934494,0.37266016006469727,1.0772643089294434,-0.021619679406285286,0.5870296955108643,1.6214909553527832,0.06934139877557755,0.3592965602874756,1.6089037656784058,0.05833689123392105,0.5685924291610718,2.0491344928741455,0.5520826578140259,0.3515130281448364,2.0282671451568604,0.4700700640678406,0.5710058212280273,2.109647274017334,0.5707836151123047,0.3388988673686981,2.085710048675537,0.4967920184135437,0.5410025715827942,2.192648410797119,0.11274833977222443,0.3817918598651886,2.1737096309661865,-0.013159500434994698,0.4074777364730835,0.7443382143974304,-4.2195060245830973e-07,0.4342477321624756,0.6837283372879028,0.009069588035345078,0.47159337997436523,0.6544110774993896,0.012370833195745945,0.5008264183998108,0.644970178604126,0.014065072871744633,0.512691080570221,0.6474647521972656,0.016782814636826515,0.5194693207740784,0.680196225643158,0.002904580906033516,0.542432963848114,0.6880242824554443,0.005117613822221756,0.5272549390792847,0.6878379583358765,0.007062171585857868,0.5098686814308167,0.6876983642578125,0.00825094897300005,0.5184969305992126,0.7241220474243164,-0.002844321308657527,0.537238359451294,0.7223681211471558,0.0046789683401584625,0.5234072804450989,0.717717707157135,0.009203663095831871,0.5060518980026245,0.7187570929527283,0.009949561208486557,0.5108824968338013,0.7635099291801453,-0.007198428735136986,0.5257043242454529,0.7542586922645569,0.0003480803861748427,0.5134570002555847,0.7489207983016968,0.006063047796487808,0.49668100476264954,0.7483187317848206,0.006827260367572308,0.49970489740371704,0.7945384979248047,-0.010986731387674809,0.5080826282501221,0.781764030456543,-0.003759689163416624,0.49788913130760193,0.7747793197631836,0.003357085632160306,0.4844617247581482,0.7725300788879395,0.007284830324351788
sorry,0.5159978866577148,0.2797742486000061,-0.544532299041748,0.5414547324180603,0.23824310302734375,-0.49830037355422974,0.5571210384368896,0.2407251000404358,-0.4980238378047943,0.5707467794418335,0.2436148077249527,-0.49768751859664917,0.48929929733276367,0.23569345474243164,-0.5052680373191833,0.4710423946380615,0.2373577505350113,-0.5049130320549011,0.4567141532897949,0.24031461775302887,-0.5053683519363403,0.594454824924469,0.2717270255088806,-0.2070186883211136,0.4400327205657959,0.2652238607406616,-0.23486065864562988,0.5448567271232605,0.3454130291938782,-0.4349552094936371,0.48165422677993774,0.3469637632369995,-0.4432176947593689,0.6785774230957031,0.5398014187812805,-0.01112743467092514,0.3344098627567291,0.5259327292442322,-0.17624031007289886,0.7469915151596069,0.9136732816696167,-0.021726008504629135,0.22807464003562927,0.9055087566375732,-0.47206801176071167,0.749261736869812,1.1546930074691772,-0.3832468092441559,0.433657705783844,0.7649326324462891,-0.949407696723938,0.7525142431259155,1.2486283779144287,-0.4610059857368469,0.5062974691390991,0.7439174652099609,-1.057552695274353,0.7352077960968018,1.2192639112472534,-0.49919581413269043,0.5131213068962097,0.6966685652732849,-1.0152792930603027,0.7165976762771606,1.1895115375518799,-0.4114914536476135,0.49452662467956543,0.6991090178489685,-0.9367243051528931,0.5983119010925293,1.058002233505249,0.03387555852532387,0.37322723865509033,1.0696130990982056,-0.030201714485883713,0.5754608511924744,1.616098165512085,-0.056094903498888016,0.3507005572319031,1.5957034826278687,-0.12376441806554794,0.5571755766868591,2.0492162704467773,0.2904432713985443,0.3323155641555786,2.027308464050293,0.055223237723112106,0.5595569610595703,2.111417770385742,0.29812487959861755,0.319504976272583,2.089721918106079,0.05629943683743477,0.5221690535545349,2.1949427127838135,-0.13101385533809662,0.3577118515968323,2.1740524768829346,-0.414345920085907,0.4304594397544861,0.7617624998092651,-4.6730025360375294e-07,0.4449923038482666,0.6940972208976746,0.00535777909681201,0.4785889983177185,0.6554298996925354,0.008958357386291027,0.5064783692359924,0.6446511149406433,0.012140138074755669,0.5128717422485352,0.6516255736351013,0.015788016840815544,0.5387657880783081,0.6816624402999878,-0.0005001790123060346,0.5434229969978333,0.6708794236183167,0.002789692720398307,0.5242237448692322,0.6716251373291016,0.003912491723895073,0.5089609026908875,0.679315984249115,0.0038600449915975332,0.5405588150024414,0.7257907390594482,-0.004154600668698549,0.5430452227592468,0.7086449265480042,0.004027219954878092,0.5261765718460083,0.7044338583946228,0.008058035746216774,0.5112879276275635,0.7116811871528625,0.008231118321418762,0.532619297504425,0.7645232677459717,-0.006396694574505091,0.5390962958335876,0.7455120086669922,-0.0017525320872664452,0.5254536271095276,0.7382842302322388,0.0012882499722763896,0.5107014179229736,0.7426232099533081,0.001162771717645228,0.5207437872886658,0.7946262955665588,-0.007958151400089264,0.5263042449951172,0.7755241394042969,-0.004480563569813967,0.5155885219573975,0.767212450504303,0.0008991369977593422,0.5028038620948792,0.7690334916114807,0.004428300075232983
sorry,0.5154770016670227,0.2908707857131958,-0.7130444049835205,0.5408691763877869,0.24771057069301605,-0.664554238319397,0.5557789206504822,0.24977988004684448,-0.6644046902656555,0.5692753791809082,0.25253617763519287,-0.6640605926513672,0.48908764123916626,0.24498718976974487,-0.6726686358451843,0.4710196554660797,0.2467605024576187,-0.672463595867157,0.4558030962944031,0.25024402141571045,-0.6729829907417297,0.5897589325904846,0.2788946032524109,-0.3427686393260956,0.4385896325111389,0.27631843090057373,-0.37673139572143555,0.5434876680374146,0.35058867931365967,-0.5925326347351074,0.48051100969314575,0.35057753324508667,-0.6025531888008118,0.6809277534484863,0.5357932448387146,-0.12942013144493103,0.33553746342658997,0.5267215371131897,-0.2856549620628357,0.7412101030349731,0.9168612957000732,-0.12257063388824463,0.2451837956905365,0.9137089252471924,-0.680483341217041,0.7359760999679565,1.1689814329147339,-0.44989338517189026,0.42476901412010193,0.7277835607528687,-1.2575029134750366,0.747688889503479,1.263541579246521,-0.5130850672721863,0.489311158657074,0.7019194960594177,-1.37550687789917,0.7230832576751709,1.2321754693984985,-0.5467002391815186,0.496516615152359,0.6508339643478394,-1.323731541633606,0.7050062417984009,1.2026619911193848,-0.4733120799064636,0.47813692688941956,0.655722975730896,-1.2441024780273438,0.6034879684448242,1.1451901197433472,0.018734518438577652,0.3778418302536011,1.059340000152588,-0.015701672062277794,0.5831849575042725,1.6167607307434082,-0.026103192940354347,0.36107492446899414,1.5990773439407349,-0.05428120493888855,0.566709041595459,2.0462589263916016,0.39094486832618713,0.3487139344215393,2.024247646331787,0.19121573865413666,0.5711814165115356,2.106794834136963,0.4052261412143707,0.33733731508255005,2.0827736854553223,0.1999059021472931,0.5313538312911987,2.189197540283203,-0.03370940312743187,0.37130552530288696,2.169447660446167,-0.2802746593952179,0.4427834451198578,0.7066875100135803,-4.032854974411748e-07,0.4587656855583191,0.641859233379364,0.006944693624973297,0.49243250489234924,0.6077474355697632,0.010186833329498768,0.5192444920539856,0.5933471918106079,0.011984707787632942,0.5310523509979248,0.5844689607620239,0.014412207528948784,0.5518159866333008,0.6248660683631897,0.004050727002322674,0.5600973963737488,0.6202903389930725,0.004291987977921963,0.5435121655464172,0.623578667640686,0.0031554752495139837,0.5298717617988586,0.6292389035224915,0.002174563240259886,0.5555971264839172,0.6660116910934448,-0.0019908694084733725,0.5694103837013245,0.6603270173072815,0.0019269307376816869,0.5532981753349304,0.6571053862571716,0.00411786325275898,0.5369960069656372,0.6605887413024902,0.004718627315014601,0.549675703048706,0.7041906714439392,-0.0070512378588318825,0.5604210495948792,0.6974259614944458,-0.004141933750361204,0.5465118885040283,0.691766619682312,-0.0003965090145356953,0.5318721532821655,0.6927686333656311,0.0009066255879588425,0.5379052758216858,0.735005259513855,-0.011706373654305935,0.5438936948776245,0.7296850085258484,-0.007698667235672474,0.5327953696250916,0.7233501672744751,-0.0016654969658702612,0.5202500224113464,0.722741961479187,0.0026919771917164326
sorry,0.5149698257446289,0.2900911569595337,-0.6486315131187439,0.539517343044281,0.24581068754196167,-0.597800612449646,0.5554778575897217,0.24732857942581177,-0.5976479053497314,0.566661536693573,0.2498069405555725,-0.5973032712936401,0.48777928948402405,0.24482454359531403,-0.6076842546463013,0.46772852540016174,0.24654926359653473,-0.6074548363685608,0.45269766449928284,0.2499886155128479,-0.6079246401786804,0.5873790979385376,0.27712905406951904,-0.28132179379463196,0.43378186225891113,0.27836066484451294,-0.3215145468711853,0.5408913493156433,0.34958961606025696,-0.5319048166275024,0.4780455529689789,0.35127007961273193,-0.5437706708908081,0.6762791275978088,0.5329158306121826,-0.09369326382875443,0.33395835757255554,0.5258275866508484,-0.24023298919200897,0.7447205781936646,0.9122552871704102,-0.10995056480169296,0.24017281830310822,0.9229552745819092,-0.6273267865180969,0.7356290817260742,1.1612521409988403,-0.4421235918998718,0.42243069410324097,0.7000337839126587,-1.1901432275772095,0.7450225949287415,1.2513896226882935,-0.5059080719947815,0.48089274764060974,0.6700927019119263,-1.3055723905563354,0.7166551351547241,1.2265946865081787,-0.535681426525116,0.48845553398132324,0.6255978941917419,-1.2473000288009644,0.6995506286621094,1.197026014328003,-0.4645922780036926,0.4762180745601654,0.6326718926429749,-1.1756330728530884,0.5994962453842163,1.040026068687439,0.020820744335651398,0.38021039962768555,1.0504446029663086,-0.01749388501048088,0.5757352709770203,1.6101367473602295,-0.05459127575159073,0.3512968122959137,1.5962040424346924,-0.0760280042886734,0.5607856512069702,2.04134202003479,0.3324650526046753,0.34072452783584595,2.0165939331054688,0.13445639610290527,0.5657073855400085,2.1044514179229736,0.3432575464248657,0.33016082644462585,2.07377552986145,0.1390089988708496,0.5288628935813904,2.1785101890563965,-0.09633050858974457,0.3658234179019928,2.1642539501190186,-0.3419647812843323,0.44053512811660767,0.6728821396827698,-3.939800876651134e-07,0.4478863477706909,0.6046885251998901,0.002389167668297887,0.4775387644767761,0.5623432397842407,0.005589453969150782,0.501211404800415,0.5572295188903809,0.008089005015790462,0.5069798827171326,0.576087474822998,0.010349851101636887,0.535942018032074,0.5851423144340515,0.004639757331460714,0.5276383757591248,0.5767067670822144,0.006957718636840582,0.5102849006652832,0.5827341079711914,0.004502426367253065,0.5006265640258789,0.593467116355896,0.0016884789802134037,0.5411063432693481,0.6248871088027954,0.0018615629523992538,0.5302037596702576,0.6115961670875549,0.008217738009989262,0.5152862071990967,0.6143063306808472,0.008048911578953266,0.5052568316459656,0.6253598928451538,0.0058065843768417835,0.5362760424613953,0.6607566475868225,-0.00030612191767431796,0.5264614224433899,0.6462068557739258,0.003716661361977458,0.5140549540519714,0.6460184454917908,0.0032892567105591297,0.5047364830970764,0.6538918614387512,0.001237443182617426,0.5262165069580078,0.6879073977470398,-0.002355808624997735,0.518166184425354,0.6772736310958862,0.0010835420107468963,0.5073938369750977,0.6756425499916077,0.00432251114398241,0.4997691810131073,0.6808913946151733,0.006241127848625183
sorry,0.5227479934692383,0.291300505399704,-0.6195769309997559,0.5474144816398621,0.24909543991088867,-0.5750551819801331,0.5627222061157227,0.2517281174659729,-0.574935257434845,0.5750099420547485,0.2541859745979309,-0.5747132897377014,0.4968649744987488,0.2451833337545395,-0.5823643207550049,0.477594792842865,0.24616390466690063,-0.5821797847747803,0.4635573923587799,0.2481856346130371,-0.5826276540756226,0.5955228209495544,0.2805290222167969,-0.2824888527393341,0.4422914385795593,0.27302587032318115,-0.3127419352531433,0.5483288168907166,0.35555511713027954,-0.5096650719642639,0.486294686794281,0.35527098178863525,-0.5189282894134521,0.6809397339820862,0.5413815975189209,-0.10162724554538727,0.33514466881752014,0.5245221853256226,-0.2025589495897293,0.7425709962844849,0.915576696395874,-0.10275282710790634,0.2313424050807953,0.9122596979141235,-0.5333817005157471,0.7466742396354675,1.157065510749817,-0.43648561835289,0.3850068151950836,0.723508894443512,-1.1159807443618774,0.7529295086860657,1.256024718284607,-0.49760109186172485,0.44512471556663513,0.6952252984046936,-1.228360652923584,0.7308238744735718,1.2197781801223755,-0.5326932072639465,0.4566102623939514,0.6491879224777222,-1.1805338859558105,0.7132728695869446,1.1894433498382568,-0.4600808620452881,0.4455767273902893,0.6546104550361633,-1.1059750318527222,0.5952622294425964,1.0403443574905396,0.012793473899364471,0.3724362850189209,1.044587254524231,-0.00979136023670435,0.5674689412117004,1.5935193300247192,-0.0676397904753685,0.3416414260864258,1.5724003314971924,-0.08885857462882996,0.5536820292472839,2.019972801208496,0.2787327766418457,0.3321085572242737,1.9922919273376465,0.09313255548477173,0.5573199987411499,2.0820748805999756,0.28773996233940125,0.32266953587532043,2.051936149597168,0.0945637971162796,0.5203809142112732,2.1610300540924072,-0.13010253012180328,0.3573708236217499,2.136059045791626,-0.3620952069759369,0.3954054117202759,0.7080233097076416,-4.069615044954844e-07,0.40712958574295044,0.6370083093643188,0.004990085493773222,0.4378875195980072,0.5954405665397644,0.007813902571797371,0.46470344066619873,0.590795636177063,0.009516251273453236,0.47136783599853516,0.6109392046928406,0.011201676912605762,0.4954368472099304,0.6200400590896606,0.004166892264038324,0.49565598368644714,0.6126871705055237,0.007362019270658493,0.47775739431381226,0.6171857118606567,0.006128956563770771,0.4663698673248291,0.6247147917747498,0.00382650806568563,0.5013608336448669,0.6590883731842041,0.00016384731861762702,0.5004134178161621,0.6447923183441162,0.007145897950977087,0.48426422476768494,0.6457022428512573,0.008100921288132668,0.4701520502567291,0.653751015663147,0.006395407486706972,0.49772322177886963,0.6954601407051086,-0.002739880932494998,0.497409462928772,0.6777134537696838,0.0023416453041136265,0.4838683009147644,0.6766095161437988,0.00411806209012866,0.46992599964141846,0.6826356649398804,0.003232348244637251,0.4888896048069,0.7246412634849548,-0.005285915452986956,0.49297580122947693,0.7084919810295105,-0.0009432909428142011,0.4811307191848755,0.70521479845047,0.004492966923862696,0.46842309832572937,0.7090196013450623,0.007940546609461308
sorry,0.527548611164093,0.29506656527519226,-0.5867106318473816,0.5506019592285156,0.2512497305870056,-0.5422586798667908,0.5657382607460022,0.2527196407318115,-0.5419918298721313,0.5754903554916382,0.25522172451019287,-0.5416670441627502,0.5042406320571899,0.24894851446151733,-0.5500213503837585,0.48355475068092346,0.249667227268219,-0.5497167110443115,0.46788540482521057,0.25199609994888306,-0.5501715540885925,0.5939489006996155,0.27795690298080444,-0.24554908275604248,0.4433479905128479,0.2736402750015259,-0.27706632018089294,0.5492674708366394,0.3518212139606476,-0.47456079721450806,0.4903656840324402,0.35124725103378296,-0.48358869552612305,0.6805746555328369,0.5355653166770935,-0.05203830078244209,0.3364870548248291,0.5196568965911865,-0.20848271250724792,0.7448492050170898,0.9018776416778564,-0.060852400958538055,0.23919498920440674,0.9102445840835571,-0.5456025004386902,0.7243814468383789,1.129083275794983,-0.42220360040664673,0.4335644245147705,0.7390183210372925,-1.0709539651870728,0.7497661709785461,1.2526321411132812,-0.49684929847717285,0.5018374919891357,0.7258702516555786,-1.1809258460998535,0.7207522392272949,1.2106010913848877,-0.5302697420120239,0.5131502747535706,0.6781543493270874,-1.138538122177124,0.703364908695221,1.1808968782424927,-0.4473744034767151,0.49347543716430664,0.6787897348403931,-1.0592751502990723,0.605412483215332,1.0553789138793945,0.031691402196884155,0.3785640001296997,1.0668308734893799,-0.02828405424952507,0.5809846520423889,1.623592495918274,-0.05929816886782646,0.35507315397262573,1.602872371673584,-0.10706809908151627,0.5581098198890686,2.0662007331848145,0.2872667610645294,0.3322107791900635,2.038074254989624,0.07337963581085205,0.5607534646987915,2.1298012733459473,0.2945766746997833,0.3180299997329712,2.1007275581359863,0.07411222904920578,0.523884654045105,2.2068819999694824,-0.1358061581850052,0.3548981547355652,2.1824445724487305,-0.40115174651145935,0.4400833547115326,0.7257040143013,-3.365650513842411e-07,0.46663880348205566,0.662816047668457,0.008533054031431675,0.5030183792114258,0.632709801197052,0.011171850375831127,0.5356712341308594,0.6305122971534729,0.01161805447191,0.5517376065254211,0.6378712058067322,0.013042627833783627,0.5454449653625488,0.6537265181541443,0.0037517882883548737,0.5789540410041809,0.6604803204536438,0.006208702456206083,0.5664696097373962,0.6656636595726013,0.008666971698403358,0.5493952035903931,0.666652262210846,0.010657538659870625,0.5484215617179871,0.6954205632209778,-0.0012660648208111525,0.5694422125816345,0.6986001133918762,0.008284727111458778,0.5559628009796143,0.6988849639892578,0.013166242279112339,0.5396333932876587,0.6993690729141235,0.013560246676206589,0.5440161824226379,0.7341008186340332,-0.005153155419975519,0.559917688369751,0.7326557040214539,0.0032019121572375298,0.5487836003303528,0.7310768365859985,0.00832072738558054,0.5319115519523621,0.7306500673294067,0.008554570376873016,0.5362813472747803,0.7664515972137451,-0.008507983759045601,0.5511727333068848,0.76382976770401,-5.1227085350546986e-05,0.5409116148948669,0.7601921558380127,0.008271252736449242,0.5258675813674927,0.7588720321655273,0.013122381642460823
sorry,0.5250051617622375,0.28143447637557983,-0.8468130230903625,0.5471229553222656,0.23789773881435394,-0.8030620813369751,0.5623354911804199,0.23969382047653198,-0.8028899431228638,0.5728492736816406,0.24237728118896484,-0.8026136159896851,0.49960094690322876,0.23694004118442535,-0.8131925463676453,0.4788430333137512,0.2378307729959488,-0.8131120800971985,0.46359577775001526,0.24011312425136566,-0.8136118650436401,0.5911329388618469,0.2696381211280823,-0.4811302721500397,0.440425306558609,0.26802322268486023,-0.5239979028701782,0.5481261014938354,0.3407490849494934,-0.724300742149353,0.4878528118133545,0.3417338728904724,-0.7367421984672546,0.6776962876319885,0.5302885174751282,-0.2568228542804718,0.33348822593688965,0.5211710929870605,-0.3989076018333435,0.7427681684494019,0.9086336493492126,-0.22339656949043274,0.24472573399543762,0.9163163900375366,-0.7833144664764404,0.7331554889678955,1.1573889255523682,-0.5272876024246216,0.4237068295478821,0.7083402276039124,-1.3615779876708984,0.7441462874412537,1.244554877281189,-0.5875355005264282,0.488032728433609,0.6802498698234558,-1.4780148267745972,0.7206766605377197,1.2251436710357666,-0.6251211762428284,0.4946720004081726,0.6329072117805481,-1.4281249046325684,0.7037169337272644,1.193123698234558,-0.5503847002983093,0.4778159558773041,0.6395424008369446,-1.3484975099563599,0.6026515960693359,1.0442779064178467,0.019853098317980766,0.38038337230682373,1.0504193305969238,-0.017329486086964607,0.5879546999931335,1.6045712232589722,0.03947892412543297,0.36090707778930664,1.5901950597763062,0.005151993595063686,0.573616623878479,2.029569387435913,0.4979174733161926,0.3544405698776245,2.008498191833496,0.32558417320251465,0.5770573616027832,2.0899245738983154,0.5164669156074524,0.3439687490463257,2.0658931732177734,0.34207165241241455,0.5448472499847412,2.173516035079956,0.08525171875953674,0.38071125745773315,2.1550498008728027,-0.13306203484535217,0.44421952962875366,0.6775375604629517,-3.9061188772393507e-07,0.46301525831222534,0.6081740260124207,0.004925837740302086,0.501111626625061,0.5704208016395569,0.007831125520169735,0.5288185477256775,0.5760034918785095,0.008660595864057541,0.5351595282554626,0.6047395467758179,0.009231582283973694,0.5458374619483948,0.5891770720481873,0.006913818418979645,0.5543232560157776,0.5913475751876831,0.0078123570419847965,0.5380673408508301,0.5984092950820923,0.004370277281850576,0.5247700810432434,0.6037799715995789,0.0008211545646190643,0.5539942979812622,0.6288420557975769,0.0019264465663582087,0.5563176870346069,0.6282856464385986,0.008045034483075142,0.5411708950996399,0.6298081874847412,0.007288491353392601,0.5268484354019165,0.633709192276001,0.004604399669915438,0.5525224804878235,0.6676058173179626,-0.0024503625463694334,0.5560358166694641,0.6615633368492126,0.002346585737541318,0.5426009893417358,0.6605521440505981,0.003232465125620365,0.5283719897270203,0.6626867651939392,0.0019615059718489647,0.544684112071991,0.6995306611061096,-0.006728805601596832,0.5468923449516296,0.6906479597091675,-0.0014092960627749562,0.5344610810279846,0.6879212260246277,0.004457429517060518,0.5217100381851196,0.6893551349639893,0.008334820158779621
sorry,0.5257338881492615,0.2785486578941345,-0.6922144293785095,0.5491177439689636,0.23901987075805664,-0.6441854238510132,0.5634625554084778,0.24205976724624634,-0.6439507603645325,0.5749818682670593,0.24483126401901245,-0.643704891204834,0.5011866688728333,0.23458141088485718,-0.6544004082679749,0.48142343759536743,0.23507629334926605,-0.6542309522628784,0.4663499891757965,0.23632873594760895,-0.6546631455421448,0.5939611792564392,0.27465665340423584,-0.33678552508354187,0.44204363226890564,0.2633281946182251,-0.37906065583229065,0.5492955446243286,0.34331458806991577,-0.5785530805587769,0.48767465353012085,0.3403916358947754,-0.591036856174469,0.6779215931892395,0.533253014087677,-0.1468779295682907,0.3339066505432129,0.5177752375602722,-0.28318551182746887,0.7441793084144592,0.8976603746414185,-0.13275498151779175,0.2478557527065277,0.9082905650138855,-0.6437837481498718,0.7391058802604675,1.1448345184326172,-0.4417347013950348,0.40461379289627075,0.6916583180427551,-1.2036019563674927,0.7447992563247681,1.2298157215118408,-0.501868724822998,0.46670717000961304,0.669668972492218,-1.318188190460205,0.7234317064285278,1.2074991464614868,-0.5359813570976257,0.47701483964920044,0.6199020147323608,-1.265205979347229,0.706953763961792,1.176869511604309,-0.4655126929283142,0.4625515341758728,0.6231434941291809,-1.191975474357605,0.6034137010574341,1.034787893295288,0.022645914927124977,0.38249728083610535,1.0405606031417847,-0.019732078537344933,0.5823507905006409,1.591318130493164,-0.008146962150931358,0.3554803729057312,1.575652003288269,-0.05903887003660202,0.5707931518554688,2.0231947898864746,0.39579644799232483,0.3514997363090515,1.99968421459198,0.18922345340251923,0.5738803148269653,2.0864157676696777,0.4091607630252838,0.3418272137641907,2.058408260345459,0.1970408856868744,0.5449361205101013,2.161107301712036,-0.019495712593197823,0.3789098262786865,2.1438820362091064,-0.2803180515766144,0.42318201065063477,0.666620135307312,-4.033646519019385e-07,0.43339431285858154,0.6000966429710388,0.006604508962482214,0.46600618958473206,0.5623370409011841,0.012181596830487251,0.4911231994628906,0.5555330514907837,0.01648956723511219,0.49598824977874756,0.5706018209457397,0.020700082182884216,0.5201882123947144,0.5818625688552856,0.008258218877017498,0.525119960308075,0.5699939727783203,0.013069577515125275,0.5078162550926208,0.573967456817627,0.013364608399569988,0.49494069814682007,0.5835986733436584,0.012416557408869267,0.5257097482681274,0.6206087470054626,0.004605468362569809,0.5267725586891174,0.6059632897377014,0.014116311445832253,0.510875940322876,0.606431245803833,0.016895581036806107,0.4983072876930237,0.6158765554428101,0.016384219750761986,0.5213631987571716,0.6568399667739868,0.0018291670130565763,0.5241227746009827,0.6421001553535461,0.008397554978728294,0.5104034543037415,0.6385502219200134,0.009578370489180088,0.4975129961967468,0.6449543237686157,0.00804971158504486,0.5119826197624207,0.6849333047866821,-0.0003748355957213789,0.5104369521141052,0.6715713739395142,0.005079510156065226,0.500111997127533,0.667512059211731,0.008892684243619442,0.4901696443557739,0.6726788878440857,0.010839555412530899
sorry,0.5324720144271851,0.2900969684123993,-0.5792356133460999,0.5561046600341797,0.24966508150100708,-0.5329003930091858,0.5702175498008728,0.25251448154449463,-0.5327199697494507,0.5831429958343506,0.25515228509902954,-0.5324637293815613,0.5083993673324585,0.24327784776687622,-0.54378342628479,0.4887130856513977,0.24272704124450684,-0.5435726642608643,0.47315359115600586,0.2435612678527832,-0.544043242931366,0.6004208326339722,0.2823109030723572,-0.23748178780078888,0.4478372633457184,0.26292556524276733,-0.28397053480148315,0.553063690662384,0.35515397787094116,-0.4676244854927063,0.49426740407943726,0.3511287569999695,-0.48145824670791626,0.6784991025924683,0.5413864254951477,-0.05338824540376663,0.33219754695892334,0.5275843739509583,-0.20542912185192108,0.7488554120063782,0.9155040383338928,-0.0472116619348526,0.22290706634521484,0.9117574095726013,-0.5117588639259338,0.7525659799575806,1.1770615577697754,-0.41915297508239746,0.41710931062698364,0.7696657180786133,-1.0520374774932861,0.7675678730010986,1.2705167531967163,-0.4954860210418701,0.4889497756958008,0.7436987161636353,-1.1635891199111938,0.734449028968811,1.250540018081665,-0.5367342233657837,0.4987561106681824,0.6944500803947449,-1.1267540454864502,0.7165387272834778,1.216234564781189,-0.4466140866279602,0.48021167516708374,0.6982728242874146,-1.0423096418380737,0.593265175819397,1.045620322227478,0.02394009195268154,0.37141501903533936,1.0559605360031128,-0.020875412970781326,0.5674664974212646,1.5979704856872559,-0.03645097836852074,0.3401772379875183,1.5764453411102295,-0.0826546773314476,0.5490608215332031,2.020571231842041,0.3305748999118805,0.32662832736968994,1.990966796875,0.12539765238761902,0.5513095855712891,2.083038330078125,0.3411611318588257,0.3154296278953552,2.0510542392730713,0.1298859417438507,0.5177608132362366,2.163015127182007,-0.07168535888195038,0.3528970181941986,2.136087656021118,-0.32904714345932007,0.4115687310695648,0.7575966119766235,-3.9485615843659616e-07,0.43836963176727295,0.6934342980384827,0.006912164390087128,0.47664958238601685,0.6593436598777771,0.009814226999878883,0.5069000720977783,0.6530706882476807,0.011731574311852455,0.5130531787872314,0.6695425510406494,0.014077048748731613,0.5274202227592468,0.7034165859222412,0.0014204316539689898,0.5434252023696899,0.6938292384147644,0.007403905503451824,0.5255573987960815,0.6892997026443481,0.010392704978585243,0.5100208520889282,0.6920787692070007,0.01102546975016594,0.5241994857788086,0.7468684911727905,-0.0023006803821772337,0.5417962074279785,0.7300308346748352,0.0069709583185613155,0.5274752974510193,0.7221232056617737,0.011384387500584126,0.5104048252105713,0.7243333458900452,0.011914695613086224,0.512602686882019,0.781779408454895,-0.004134549293667078,0.5263581275939941,0.761041522026062,0.0042971111834049225,0.5156687498092651,0.7524265050888062,0.008122291415929794,0.4997880458831787,0.7525511384010315,0.007611311040818691,0.49782657623291016,0.8058567047119141,-0.0053267707116901875,0.5079330205917358,0.7857862114906311,0.001649459358304739,0.49944549798965454,0.7775688171386719,0.007681462913751602,0.4863733649253845,0.7775312662124634,0.010858378373086452
sorry,0.5285068154335022,0.29180967807769775,-0.6728993654251099,0.550940990447998,0.24900144338607788,-0.6210892200469971,0.5653276443481445,0.2520279288291931,-0.6209136843681335,0.5766112804412842,0.2553768754005432,-0.6207072734832764,0.5030191540718079,0.24500274658203125,-0.6325486302375793,0.4826551079750061,0.24502550065517426,-0.6323332786560059,0.4672379493713379,0.246168315410614,-0.6328059434890747,0.5946462750434875,0.28046804666519165,-0.29067617654800415,0.44216060638427734,0.2741512060165405,-0.3358863294124603,0.5512276887893677,0.35244089365005493,-0.55087810754776,0.4893721640110016,0.3526304364204407,-0.5643187761306763,0.679966926574707,0.5308745503425598,-0.10719754546880722,0.3345629870891571,0.5174258351325989,-0.2655459940433502,0.7463210821151733,0.904603123664856,-0.11443479359149933,0.240555077791214,0.8988555669784546,-0.7103614211082458,0.7402942180633545,1.1648281812667847,-0.40767377614974976,0.4226904511451721,0.668890655040741,-1.2995036840438843,0.7493414878845215,1.262684941291809,-0.46935755014419556,0.4860263466835022,0.6411928534507751,-1.4232813119888306,0.7252150774002075,1.2348778247833252,-0.4969474673271179,0.49542146921157837,0.597795844078064,-1.3631099462509155,0.7087050080299377,1.2037104368209839,-0.429282009601593,0.477133184671402,0.6081796288490295,-1.2853010892868042,0.6071282029151917,1.044298768043518,0.015725193545222282,0.3808591365814209,1.0527998208999634,-0.012762496247887611,0.5955497026443481,1.6146602630615234,0.04632105305790901,0.36959272623062134,1.604917287826538,0.02382330223917961,0.584158182144165,2.043121814727783,0.5086051821708679,0.36419767141342163,2.026097536087036,0.3658965229988098,0.5883653163909912,2.1042680740356445,0.5272518992424011,0.3531494140625,2.0833053588867188,0.38607707619667053,0.5554022789001465,2.186610698699951,0.0869162380695343,0.39459627866744995,2.1753666400909424,-0.10389423370361328,0.43992072343826294,0.6382383704185486,-2.846351776497613e-07,0.45558738708496094,0.5821170806884766,0.008401700295507908,0.48530834913253784,0.5501459836959839,0.010054630227386951,0.5121148824691772,0.5478425621986389,0.009313839487731457,0.5284181833267212,0.5616055130958557,0.00931569468230009,0.5270326137542725,0.544684886932373,0.0030583133921027184,0.5574154853820801,0.5617772936820984,0.0031957579776644707,0.5515083074569702,0.5792091488838196,0.0038777205627411604,0.5373271107673645,0.5835413932800293,0.004231389611959457,0.5375036001205444,0.5787231922149658,-0.00390606583096087,0.5586581826210022,0.5985770225524902,0.0013752704253420234,0.5494988560676575,0.6105638742446899,0.0036903724540024996,0.5344025492668152,0.6107439398765564,0.0031566463876515627,0.5418744087219238,0.6148415207862854,-0.009886294603347778,0.5553885102272034,0.6317150592803955,-0.004122381564229727,0.5449307560920715,0.6393814086914062,-0.00011784097296185791,0.5296497344970703,0.6385404467582703,-0.00012238557974342257,0.5407902002334595,0.6485916376113892,-0.015744103118777275,0.5481810569763184,0.6613379716873169,-0.009708874858915806,0.5371226668357849,0.665926992893219,-0.0038594354409724474,0.5236085653305054,0.6649476289749146,-0.0005671182298101485
sorry,0.5379558205604553,0.2948274612426758,-0.6963492035865784,0.5610241889953613,0.25184154510498047,-0.6442614197731018,0.5750992298126221,0.25580400228500366,-0.6440033912658691,0.5864901542663574,0.2592732906341553,-0.6436842679977417,0.5126417279243469,0.24396930634975433,-0.6575933694839478,0.49283868074417114,0.24261659383773804,-0.6573330760002136,0.4772248864173889,0.2424258589744568,-0.6577379703521729,0.602948009967804,0.28417932987213135,-0.2972000241279602,0.4510539174079895,0.26633715629577637,-0.3536688983440399,0.5575053095817566,0.356733500957489,-0.5679332613945007,0.49899595975875854,0.35386383533477783,-0.583977222442627,0.6792241930961609,0.5363808274269104,-0.08272869139909744,0.3354020118713379,0.5169314742088318,-0.28093811869621277,0.7434191107749939,0.9094088077545166,-0.06138361617922783,0.20415088534355164,0.9018049240112305,-0.6977558732032776,0.7511060237884521,1.1637842655181885,-0.42159923911094666,0.36823469400405884,0.7381605505943298,-1.3638806343078613,0.7565187215805054,1.2650609016418457,-0.49423640966415405,0.43284812569618225,0.7166721224784851,-1.4943774938583374,0.7337783575057983,1.229171872138977,-0.5325478315353394,0.4448055624961853,0.6666228175163269,-1.4595019817352295,0.7191143035888672,1.1978423595428467,-0.4475487768650055,0.4334431290626526,0.6677587628364563,-1.3575578927993774,0.5975233912467957,1.0498199462890625,0.02634539268910885,0.3723447024822235,1.059936761856079,-0.023623151704669,0.5813977718353271,1.6169458627700806,0.1046343594789505,0.3533591628074646,1.6049067974090576,0.03743777796626091,0.5607414245605469,2.048799514770508,0.5911261439323425,0.3441005349159241,2.026715040206909,0.40931782126426697,0.5633566379547119,2.109473705291748,0.6110566258430481,0.3320915699005127,2.082766056060791,0.4329337179660797,0.5314825773239136,2.193802833557129,0.16499051451683044,0.3746313154697418,2.175881862640381,-0.07480377703905106,0.3733770549297333,0.72171550989151,-4.319010713516036e-07,0.3942577540874481,0.6595146656036377,0.015265688300132751,0.43022263050079346,0.628330409526825,0.024193694815039635,0.45902666449546814,0.6145787239074707,0.03061908483505249,0.46637269854545593,0.608476459980011,0.03764843940734863,0.47448793053627014,0.6412871479988098,0.014331427402794361,0.5050114989280701,0.6414022445678711,0.021484479308128357,0.4934549629688263,0.6474013328552246,0.026355935260653496,0.477753221988678,0.6513186097145081,0.029904784634709358,0.4816374182701111,0.6817781329154968,0.008739987388253212,0.5075548887252808,0.679686427116394,0.022084293887019157,0.49523553252220154,0.6814579367637634,0.02822371944785118,0.4794067442417145,0.6842994689941406,0.029529880732297897,0.4821457266807556,0.7204005718231201,0.004822349175810814,0.5084781646728516,0.7151313424110413,0.016905508935451508,0.4976126551628113,0.7133593559265137,0.021587882190942764,0.48142391443252563,0.7145155072212219,0.021039942279458046,0.47933271527290344,0.7515981197357178,0.0021931694354861975,0.5023373365402222,0.7452075481414795,0.013329407200217247,0.49319079518318176,0.7416380643844604,0.020845940336585045,0.47869884967803955,0.7422699928283691,0.024360325187444687
sorry,0.5328954458236694,0.28247392177581787,-0.6359604001045227,0.5560909509658813,0.23916326463222504,-0.5860060453414917,0.5706628561019897,0.24110060930252075,-0.5858070254325867,0.5821355581283569,0.2429584115743637,-0.5855147838592529,0.506558895111084,0.23785482347011566,-0.5978584885597229,0.48635512590408325,0.23922520875930786,-0.5976214408874512,0.4711199402809143,0.24071025848388672,-0.5980797410011292,0.6009117364883423,0.2703631520271301,-0.26196861267089844,0.4472953677177429,0.27045953273773193,-0.3128402531147003,0.5574597120285034,0.3465525507926941,-0.5152910947799683,0.4967566132545471,0.3481380343437195,-0.5297163724899292,0.6799184083938599,0.5386125445365906,-0.055020906031131744,0.3378746211528778,0.5213839411735535,-0.23835936188697815,0.7455781102180481,0.8963364958763123,-0.07260128855705261,0.2158186435699463,0.8985806107521057,-0.5925808548927307,0.7372686862945557,1.11734139919281,-0.46983152627944946,0.38610589504241943,0.756847083568573,-1.1880065202713013,0.7545956373214722,1.2421512603759766,-0.5494431853294373,0.45131736993789673,0.7411009073257446,-1.3071069717407227,0.7213829755783081,1.188554048538208,-0.582244873046875,0.46389585733413696,0.6925567984580994,-1.275543451309204,0.7059792876243591,1.161387324333191,-0.4947253167629242,0.44928598403930664,0.6919167637825012,-1.18170964717865,0.6015706658363342,1.0561474561691284,0.027415599673986435,0.37478822469711304,1.0609335899353027,-0.024505479261279106,0.5846465826034546,1.6200801134109497,0.03440677374601364,0.36012446880340576,1.6021537780761719,-0.05542152374982834,0.5664306282997131,2.0577688217163086,0.45254048705101013,0.3478449583053589,2.030174493789673,0.21982593834400177,0.5692688226699829,2.120239019393921,0.46679869294166565,0.33581146597862244,2.089808940887451,0.2324564903974533,0.5361582636833191,2.197742462158203,0.036931391805410385,0.3725607395172119,2.1710259914398193,-0.25671687722206116,0.3848271667957306,0.7461311221122742,-4.451881352451892e-07,0.40953540802001953,0.681613028049469,0.011158197186887264,0.44774919748306274,0.6579092144966125,0.015319064259529114,0.4814511239528656,0.6568301320075989,0.017720650881528854,0.4964168667793274,0.6541847586631775,0.02069462090730667,0.4986131191253662,0.6780192852020264,0.003911745734512806,0.5229339599609375,0.6797655820846558,0.007970428094267845,0.506566047668457,0.6824261546134949,0.01140408031642437,0.49014633893966675,0.6839231252670288,0.013619978912174702,0.5017395615577698,0.7227641344070435,-0.0019966503605246544,0.5248380303382874,0.7207996845245361,0.007345307152718306,0.5081237554550171,0.7180224657058716,0.013228246942162514,0.488689124584198,0.7182332277297974,0.01516611035913229,0.4969360828399658,0.7629909515380859,-0.006134456489235163,0.5116681456565857,0.7558599710464478,0.0036122319288551807,0.497475266456604,0.7528069615364075,0.009536582045257092,0.4796822667121887,0.7526608109474182,0.010065792128443718,0.4884726405143738,0.795619547367096,-0.009645228274166584,0.4974554181098938,0.7880306839942932,-0.0003335716901347041,0.48532670736312866,0.7838095426559448,0.0071731614880263805,0.4709693491458893,0.7819644808769226,0.011107463389635086
sorry,0.5174005031585693,0.279216468334198,-0.6082190871238708,0.5405232310295105,0.2348850816488266,-0.5588756799697876,0.5556893944740295,0.2364974021911621,-0.5587016940116882,0.56688392162323,0.23903805017471313,-0.5583609938621521,0.48927026987075806,0.23481792211532593,-0.5690860152244568,0.4689670205116272,0.23688888549804688,-0.5688474774360657,0.45417851209640503,0.23962531983852386,-0.5693735480308533,0.5870268940925598,0.2677573561668396,-0.250322163105011,0.43367800116539,0.27219146490097046,-0.29152384400367737,0.5443200469017029,0.34192439913749695,-0.4933057725429535,0.4805924892425537,0.3454108238220215,-0.5056389570236206,0.6787140965461731,0.529158890247345,-0.061375487595796585,0.331773042678833,0.5175532698631287,-0.218856543302536,0.7495303153991699,0.90318763256073,-0.0773351714015007,0.24276193976402283,0.9091683626174927,-0.5971102714538574,0.7344391345977783,1.1391476392745972,-0.41223087906837463,0.42982858419418335,0.7004972696304321,-1.1256036758422852,0.7474732398986816,1.2297202348709106,-0.4750305116176605,0.4997311234474182,0.6750695705413818,-1.2367156744003296,0.7177754044532776,1.198344111442566,-0.5036633014678955,0.5068460702896118,0.6273414492607117,-1.1742486953735352,0.7001848816871643,1.169756531715393,-0.43435126543045044,0.48992758989334106,0.632539689540863,-1.1079407930374146,0.6005502343177795,1.1353261470794678,0.028620440512895584,0.37460118532180786,1.0571155548095703,-0.0251820869743824,0.5774974226951599,1.6059972047805786,-0.07301437109708786,0.34927064180374146,1.5898691415786743,-0.10387858003377914,0.5621961951255798,2.0410196781158447,0.2832645773887634,0.33369654417037964,2.0148332118988037,0.08070241659879684,0.5666729211807251,2.1042420864105225,0.29183444380760193,0.32179760932922363,2.0746846199035645,0.0819932296872139,0.5280517935752869,2.1817898750305176,-0.14310003817081451,0.3586862087249756,2.161508798599243,-0.3882230818271637,0.4511270523071289,0.6635491251945496,-3.67369295872777e-07,0.4686092734336853,0.6014083027839661,0.006788639817386866,0.49959567189216614,0.5673087239265442,0.007497909478843212,0.5252549052238464,0.5688278675079346,0.006014528684318066,0.5339568853378296,0.5887790322303772,0.00470559811219573,0.5462613701820374,0.5696443319320679,0.001454619923606515,0.5667113661766052,0.5897718667984009,0.0012310432502999902,0.5536090731620789,0.6025684475898743,-4.1788625821936876e-05,0.5382658839225769,0.6045553684234619,-0.0017192617524415255,0.5566471219062805,0.6087815165519714,-0.005148698575794697,0.5654233694076538,0.6266207695007324,0.0005631343810819089,0.5503824949264526,0.6333045363426208,0.0019543629605323076,0.534468412399292,0.6332744359970093,0.00039261492202058434,0.5585182905197144,0.6494439244270325,-0.010677843354642391,0.5621942281723022,0.6599957942962646,-0.004910978954285383,0.5481208562850952,0.664699137210846,-0.001323882956057787,0.5326420068740845,0.6643214225769043,-0.0016229532193392515,0.5538652539253235,0.6853080987930298,-0.016119325533509254,0.5550156235694885,0.6913599371910095,-0.009617408737540245,0.5414047837257385,0.6934673190116882,-0.0025885493960231543,0.5276459455490112,0.6926249861717224,0.0016537922201678157
